(kicad_pcb (version 20171130) (host pcbnew "(5.0.2)-1")

  (general
    (thickness 1.6)
    (drawings 10)
    (tracks 208)
    (zones 0)
    (modules 18)
    (nets 32)
  )

  (page A4)
  (layers
    (0 F.Cu signal)
    (31 B.Cu signal)
    (32 B.Adhes user)
    (33 F.Adhes user)
    (34 B.Paste user)
    (35 F.Paste user)
    (36 B.SilkS user)
    (37 F.SilkS user)
    (38 B.Mask user)
    (39 F.Mask user)
    (40 Dwgs.User user)
    (41 Cmts.User user)
    (42 Eco1.User user)
    (43 Eco2.User user)
    (44 Edge.Cuts user)
    (45 Margin user)
    (46 B.CrtYd user)
    (47 F.CrtYd user)
    (48 B.Fab user)
    (49 F.Fab user)
  )

  (setup
    (last_trace_width 0.16)
    (user_trace_width 0.16)
    (user_trace_width 0.508)
    (trace_clearance 0.16)
    (zone_clearance 0.254)
    (zone_45_only no)
    (trace_min 0.16)
    (segment_width 0.2)
    (edge_width 0.2)
    (via_size 0.762)
    (via_drill 0.381)
    (via_min_size 0.6858)
    (via_min_drill 0.3302)
    (user_via 0.6858 0.3302)
    (uvia_size 0.762)
    (uvia_drill 0.381)
    (uvias_allowed no)
    (uvia_min_size 0.2)
    (uvia_min_drill 0.1)
    (pcb_text_width 0.3)
    (pcb_text_size 1.5 1.5)
    (mod_edge_width 0.15)
    (mod_text_size 1 1)
    (mod_text_width 0.15)
    (pad_size 1.524 1.524)
    (pad_drill 0.762)
    (pad_to_mask_clearance 0.0508)
    (solder_mask_min_width 0.25)
    (aux_axis_origin 0 0)
    (grid_origin 137.922 95.758)
    (visible_elements 7FFFFFFF)
    (pcbplotparams
      (layerselection 0x010fc_ffffffff)
      (usegerberextensions false)
      (usegerberattributes false)
      (usegerberadvancedattributes false)
      (creategerberjobfile false)
      (excludeedgelayer true)
      (linewidth 0.100000)
      (plotframeref false)
      (viasonmask false)
      (mode 1)
      (useauxorigin false)
      (hpglpennumber 1)
      (hpglpenspeed 20)
      (hpglpendiameter 15.000000)
      (psnegative false)
      (psa4output false)
      (plotreference true)
      (plotvalue true)
      (plotinvisibletext false)
      (padsonsilk false)
      (subtractmaskfromsilk false)
      (outputformat 1)
      (mirror false)
      (drillshape 0)
      (scaleselection 1)
      (outputdirectory "Gerber/"))
  )

  (net 0 "")
  (net 1 GND)
  (net 2 Vdd)
  (net 3 "Net-(C1-Pad1)")
  (net 4 "Net-(C5-Pad1)")
  (net 5 "Net-(D1-Pad2)")
  (net 6 JTCK-SWCTK)
  (net 7 JTMS-SWTDIO)
  (net 8 "Net-(R1-Pad1)")
  (net 9 SPI_CLK)
  (net 10 SPI_CS)
  (net 11 SPI_OUT)
  (net 12 SPI_IN)
  (net 13 DIO12-INT)
  (net 14 "Net-(U1-Pad10)")
  (net 15 "Net-(U1-Pad9)")
  (net 16 "Net-(U2-Pad4)")
  (net 17 "Net-(U2-Pad3)")
  (net 18 "Net-(U2-Pad2)")
  (net 19 "Net-(U2-Pad1)")
  (net 20 "Net-(U2-Pad6)")
  (net 21 "Net-(U2-Pad9)")
  (net 22 "Net-(U2-Pad10)")
  (net 23 "Net-(U2-Pad11)")
  (net 24 "Net-(U2-Pad14)")
  (net 25 "Net-(U2-Pad21)")
  (net 26 "Net-(U2-Pad22)")
  (net 27 "Net-(U2-Pad23)")
  (net 28 "Net-(BT1-Pad1)")
  (net 29 "Net-(C6-Pad2)")
  (net 30 "Net-(U3-Pad4)")
  (net 31 "Net-(R3-Pad1)")

  (net_class Default "This is the default net class."
    (clearance 0.16)
    (trace_width 0.254)
    (via_dia 0.762)
    (via_drill 0.381)
    (uvia_dia 0.762)
    (uvia_drill 0.381)
    (add_net DIO12-INT)
    (add_net GND)
    (add_net JTCK-SWCTK)
    (add_net JTMS-SWTDIO)
    (add_net "Net-(BT1-Pad1)")
    (add_net "Net-(C1-Pad1)")
    (add_net "Net-(C5-Pad1)")
    (add_net "Net-(C6-Pad2)")
    (add_net "Net-(D1-Pad2)")
    (add_net "Net-(R1-Pad1)")
    (add_net "Net-(R3-Pad1)")
    (add_net "Net-(U1-Pad10)")
    (add_net "Net-(U1-Pad9)")
    (add_net "Net-(U2-Pad1)")
    (add_net "Net-(U2-Pad10)")
    (add_net "Net-(U2-Pad11)")
    (add_net "Net-(U2-Pad14)")
    (add_net "Net-(U2-Pad2)")
    (add_net "Net-(U2-Pad21)")
    (add_net "Net-(U2-Pad22)")
    (add_net "Net-(U2-Pad23)")
    (add_net "Net-(U2-Pad3)")
    (add_net "Net-(U2-Pad4)")
    (add_net "Net-(U2-Pad6)")
    (add_net "Net-(U2-Pad9)")
    (add_net "Net-(U3-Pad4)")
    (add_net SPI_CLK)
    (add_net SPI_CS)
    (add_net SPI_IN)
    (add_net SPI_OUT)
    (add_net Vdd)
  )

  (module SPBTLE-1S:LSM6DS3 (layer F.Cu) (tedit 5C7DA51E) (tstamp 5C7DABF6)
    (at 156.972 79.756 270)
    (path /5C7C28DD)
    (fp_text reference U1 (at -2.498 0.65) (layer F.SilkS)
      (effects (font (size 1 1) (thickness 0.15)))
    )
    (fp_text value LSM6DS3 (at 2.702 -1.45) (layer F.Fab)
      (effects (font (size 1 1) (thickness 0.15)))
    )
    (fp_line (start -1.5 -1.25) (end 1.5 -1.25) (layer F.Fab) (width 0.15))
    (fp_line (start 1.5 -1.25) (end 1.5 1.25) (layer F.Fab) (width 0.15))
    (fp_line (start 1.5 1.25) (end -1.5 1.25) (layer F.Fab) (width 0.15))
    (fp_line (start -1.5 1.25) (end -1.5 -1.25) (layer F.Fab) (width 0.15))
    (fp_circle (center -2.286 -0.762) (end -2.186 -0.762) (layer F.SilkS) (width 0.25))
    (fp_line (start 1.778 -1.524) (end -1.778 -1.524) (layer F.SilkS) (width 0.15))
    (fp_line (start -1.778 -1.524) (end -1.778 1.524) (layer F.SilkS) (width 0.15))
    (fp_line (start -1.778 1.524) (end 1.778 1.524) (layer F.SilkS) (width 0.15))
    (fp_line (start 1.778 1.524) (end 1.778 -1.524) (layer F.SilkS) (width 0.15))
    (pad 6 smd rect (at 0 0.875 270) (size 0.2 0.45) (layers F.Cu F.Paste F.Mask)
      (net 1 GND))
    (pad 13 smd rect (at 0 -0.875 270) (size 0.2 0.45) (layers F.Cu F.Paste F.Mask)
      (net 9 SPI_CLK))
    (pad 12 smd rect (at 0.5 -0.875 270) (size 0.2 0.45) (layers F.Cu F.Paste F.Mask)
      (net 10 SPI_CS))
    (pad 14 smd rect (at -0.5 -0.875 270) (size 0.2 0.45) (layers F.Cu F.Paste F.Mask)
      (net 11 SPI_OUT))
    (pad 5 smd rect (at -0.5 0.875 270) (size 0.2 0.45) (layers F.Cu F.Paste F.Mask)
      (net 2 Vdd))
    (pad 7 smd rect (at 0.5 0.875 270) (size 0.2 0.45) (layers F.Cu F.Paste F.Mask)
      (net 1 GND))
    (pad 2 smd rect (at -1.125 -0.25 270) (size 0.45 0.2) (layers F.Cu F.Paste F.Mask)
      (net 1 GND))
    (pad 1 smd rect (at -1.125 -0.75 270) (size 0.45 0.2) (layers F.Cu F.Paste F.Mask)
      (net 12 SPI_IN))
    (pad 3 smd rect (at -1.125 0.25 270) (size 0.45 0.2) (layers F.Cu F.Paste F.Mask)
      (net 1 GND))
    (pad 4 smd rect (at -1.125 0.75 270) (size 0.45 0.2) (layers F.Cu F.Paste F.Mask)
      (net 13 DIO12-INT))
    (pad 10 smd rect (at 1.125 -0.25 270) (size 0.45 0.2) (layers F.Cu F.Paste F.Mask)
      (net 14 "Net-(U1-Pad10)"))
    (pad 11 smd rect (at 1.125 -0.75 270) (size 0.45 0.2) (layers F.Cu F.Paste F.Mask))
    (pad 9 smd rect (at 1.125 0.25 270) (size 0.45 0.2) (layers F.Cu F.Paste F.Mask)
      (net 15 "Net-(U1-Pad9)"))
    (pad 8 smd rect (at 1.125 0.75 270) (size 0.45 0.2) (layers F.Cu F.Paste F.Mask)
      (net 2 Vdd))
  )

  (module Battery:BatteryHolder_MPD_BC2003_1x2032 (layer B.Cu) (tedit 5AED2918) (tstamp 5CBE5D30)
    (at 150.114 82.329 270)
    (descr http://www.memoryprotectiondevices.com/datasheets/BC-2003-datasheet.pdf)
    (tags "BC2003 CR2032 2032 Battery Holder")
    (path /5C7C2ECA)
    (attr smd)
    (fp_text reference BT1 (at 0 11.2 270) (layer B.SilkS)
      (effects (font (size 1 1) (thickness 0.15)) (justify mirror))
    )
    (fp_text value Battery_Cell (at 0 -11.2 270) (layer B.Fab)
      (effects (font (size 1 1) (thickness 0.15)) (justify mirror))
    )
    (fp_line (start -10.35 -4.765) (end 10.35 -4.765) (layer B.Fab) (width 0.1))
    (fp_line (start -10.35 4.765) (end 10.35 4.765) (layer B.Fab) (width 0.1))
    (fp_line (start -10.35 -4.765) (end -10.35 4.765) (layer B.Fab) (width 0.1))
    (fp_line (start 10.35 -4.765) (end 10.35 4.765) (layer B.Fab) (width 0.1))
    (fp_line (start 10.35 -2.525) (end 12 -2.525) (layer B.Fab) (width 0.1))
    (fp_line (start 10.35 2.525) (end 12 2.525) (layer B.Fab) (width 0.1))
    (fp_line (start 12.7 1.825) (end 12 2.525) (layer B.Fab) (width 0.1))
    (fp_line (start 12.7 -1.825) (end 12 -2.525) (layer B.Fab) (width 0.1))
    (fp_line (start 12.7 1.825) (end 12.7 -1.825) (layer B.Fab) (width 0.1))
    (fp_line (start -10.35 2.525) (end -12 2.525) (layer B.Fab) (width 0.1))
    (fp_line (start -10.35 -2.525) (end -12 -2.525) (layer B.Fab) (width 0.1))
    (fp_line (start -12.7 1.825) (end -12 2.525) (layer B.Fab) (width 0.1))
    (fp_line (start -12.7 -1.825) (end -12 -2.525) (layer B.Fab) (width 0.1))
    (fp_line (start -12.7 1.825) (end -12.7 -1.825) (layer B.Fab) (width 0.1))
    (fp_text user %R (at 0 0 270) (layer B.Fab)
      (effects (font (size 1 1) (thickness 0.15)) (justify mirror))
    )
    (fp_line (start -10.47 4.885) (end -8.86291 4.885) (layer B.SilkS) (width 0.12))
    (fp_line (start -10.47 3) (end -10.47 4.885) (layer B.SilkS) (width 0.12))
    (fp_line (start 10.47 3) (end 10.47 4.885) (layer B.SilkS) (width 0.12))
    (fp_line (start -10.47 -3) (end -10.47 -4.885) (layer B.SilkS) (width 0.12))
    (fp_line (start 10.47 -3) (end 10.47 -4.885) (layer B.SilkS) (width 0.12))
    (fp_line (start 10.47 4.885) (end 8.86291 4.885) (layer B.SilkS) (width 0.12))
    (fp_line (start -10.47 -4.885) (end -8.86291 -4.885) (layer B.SilkS) (width 0.12))
    (fp_line (start 10.47 -4.885) (end 8.86291 -4.885) (layer B.SilkS) (width 0.12))
    (fp_line (start 8.94 5.01) (end 10.6 5.01) (layer B.CrtYd) (width 0.05))
    (fp_line (start 10.6 5.01) (end 10.6 3.03) (layer B.CrtYd) (width 0.05))
    (fp_line (start 10.6 3.03) (end 13.45 3.03) (layer B.CrtYd) (width 0.05))
    (fp_line (start 13.45 3.03) (end 13.45 -3.03) (layer B.CrtYd) (width 0.05))
    (fp_line (start 10.6 -3.03) (end 13.45 -3.03) (layer B.CrtYd) (width 0.05))
    (fp_line (start 10.6 -5.01) (end 10.6 -3.03) (layer B.CrtYd) (width 0.05))
    (fp_arc (start 0 0) (end 8.94 5.01) (angle 121.4) (layer B.CrtYd) (width 0.05))
    (fp_line (start 8.94 -5.01) (end 10.6 -5.01) (layer B.CrtYd) (width 0.05))
    (fp_line (start -8.94 5.01) (end -10.6 5.01) (layer B.CrtYd) (width 0.05))
    (fp_line (start -10.6 5.01) (end -10.6 3.03) (layer B.CrtYd) (width 0.05))
    (fp_line (start -10.6 3.03) (end -13.45 3.03) (layer B.CrtYd) (width 0.05))
    (fp_line (start -13.45 3.03) (end -13.45 -3.03) (layer B.CrtYd) (width 0.05))
    (fp_line (start -13.45 -3.03) (end -10.6 -3.03) (layer B.CrtYd) (width 0.05))
    (fp_line (start -10.6 -5.01) (end -10.6 -3.03) (layer B.CrtYd) (width 0.05))
    (fp_line (start -10.6 -5.01) (end -8.94 -5.01) (layer B.CrtYd) (width 0.05))
    (fp_arc (start 0 0) (end -8.94 -5.01) (angle 121.3) (layer B.CrtYd) (width 0.05))
    (fp_arc (start 0 0) (end 8.86291 4.885) (angle 122.2752329) (layer B.SilkS) (width 0.12))
    (fp_arc (start 0 0) (end -8.86291 -4.885) (angle 122.3) (layer B.SilkS) (width 0.12))
    (pad 2 smd rect (at 0 0 270) (size 8 5.56) (layers B.Cu B.Paste B.Mask)
      (net 1 GND))
    (pad 1 smd rect (at 11.905 0 270) (size 2.6 5.56) (layers B.Cu B.Paste B.Mask)
      (net 28 "Net-(BT1-Pad1)"))
    (pad 1 smd rect (at -11.905 0 270) (size 2.6 5.56) (layers B.Cu B.Paste B.Mask)
      (net 28 "Net-(BT1-Pad1)"))
    (model ${KISYS3DMOD}/Battery.3dshapes/BatteryHolder_MPD_BC2003_1x2032.wrl
      (at (xyz 0 0 0))
      (scale (xyz 1 1 1))
      (rotate (xyz 0 0 0))
    )
  )

  (module Capacitor_SMD:C_0805_2012Metric_Pad1.15x1.40mm_HandSolder (layer F.Cu) (tedit 5B36C52B) (tstamp 5C7E99A6)
    (at 140.522 75.258 270)
    (descr "Capacitor SMD 0805 (2012 Metric), square (rectangular) end terminal, IPC_7351 nominal with elongated pad for handsoldering. (Body size source: https://docs.google.com/spreadsheets/d/1BsfQQcO9C6DZCsRaXUlFlo91Tg2WpOkGARC1WS5S8t0/edit?usp=sharing), generated with kicad-footprint-generator")
    (tags "capacitor handsolder")
    (path /5C7C3846)
    (attr smd)
    (fp_text reference C1 (at 0 1.6 270) (layer F.SilkS)
      (effects (font (size 1 1) (thickness 0.15)))
    )
    (fp_text value 2.2u (at -0.1 0 270) (layer F.Fab)
      (effects (font (size 1 1) (thickness 0.15)))
    )
    (fp_line (start -1 0.6) (end -1 -0.6) (layer F.Fab) (width 0.1))
    (fp_line (start -1 -0.6) (end 1 -0.6) (layer F.Fab) (width 0.1))
    (fp_line (start 1 -0.6) (end 1 0.6) (layer F.Fab) (width 0.1))
    (fp_line (start 1 0.6) (end -1 0.6) (layer F.Fab) (width 0.1))
    (fp_line (start -0.261252 -0.71) (end 0.261252 -0.71) (layer F.SilkS) (width 0.12))
    (fp_line (start -0.261252 0.71) (end 0.261252 0.71) (layer F.SilkS) (width 0.12))
    (fp_line (start -1.85 0.95) (end -1.85 -0.95) (layer F.CrtYd) (width 0.05))
    (fp_line (start -1.85 -0.95) (end 1.85 -0.95) (layer F.CrtYd) (width 0.05))
    (fp_line (start 1.85 -0.95) (end 1.85 0.95) (layer F.CrtYd) (width 0.05))
    (fp_line (start 1.85 0.95) (end -1.85 0.95) (layer F.CrtYd) (width 0.05))
    (fp_text user %R (at 0 0 90) (layer F.Fab)
      (effects (font (size 0.5 0.5) (thickness 0.08)))
    )
    (pad 1 smd roundrect (at -1.025 0 270) (size 1.15 1.4) (layers F.Cu F.Paste F.Mask) (roundrect_rratio 0.217391)
      (net 3 "Net-(C1-Pad1)"))
    (pad 2 smd roundrect (at 1.025 0 270) (size 1.15 1.4) (layers F.Cu F.Paste F.Mask) (roundrect_rratio 0.217391)
      (net 1 GND))
    (model ${KISYS3DMOD}/Capacitor_SMD.3dshapes/C_0805_2012Metric.wrl
      (at (xyz 0 0 0))
      (scale (xyz 1 1 1))
      (rotate (xyz 0 0 0))
    )
  )

  (module Capacitor_SMD:C_0805_2012Metric_Pad1.15x1.40mm_HandSolder (layer F.Cu) (tedit 5B36C52B) (tstamp 5C925063)
    (at 153.922 79.883 270)
    (descr "Capacitor SMD 0805 (2012 Metric), square (rectangular) end terminal, IPC_7351 nominal with elongated pad for handsoldering. (Body size source: https://docs.google.com/spreadsheets/d/1BsfQQcO9C6DZCsRaXUlFlo91Tg2WpOkGARC1WS5S8t0/edit?usp=sharing), generated with kicad-footprint-generator")
    (tags "capacitor handsolder")
    (path /5C7C8FE0)
    (attr smd)
    (fp_text reference C2 (at -2.825 0.2) (layer F.SilkS)
      (effects (font (size 1 1) (thickness 0.15)))
    )
    (fp_text value 100n (at 0.075 0.1 270) (layer F.Fab)
      (effects (font (size 1 1) (thickness 0.15)))
    )
    (fp_text user %R (at -2.925 -1.1 270) (layer F.Fab)
      (effects (font (size 0.5 0.5) (thickness 0.08)))
    )
    (fp_line (start 1.85 0.95) (end -1.85 0.95) (layer F.CrtYd) (width 0.05))
    (fp_line (start 1.85 -0.95) (end 1.85 0.95) (layer F.CrtYd) (width 0.05))
    (fp_line (start -1.85 -0.95) (end 1.85 -0.95) (layer F.CrtYd) (width 0.05))
    (fp_line (start -1.85 0.95) (end -1.85 -0.95) (layer F.CrtYd) (width 0.05))
    (fp_line (start -0.261252 0.71) (end 0.261252 0.71) (layer F.SilkS) (width 0.12))
    (fp_line (start -0.261252 -0.71) (end 0.261252 -0.71) (layer F.SilkS) (width 0.12))
    (fp_line (start 1 0.6) (end -1 0.6) (layer F.Fab) (width 0.1))
    (fp_line (start 1 -0.6) (end 1 0.6) (layer F.Fab) (width 0.1))
    (fp_line (start -1 -0.6) (end 1 -0.6) (layer F.Fab) (width 0.1))
    (fp_line (start -1 0.6) (end -1 -0.6) (layer F.Fab) (width 0.1))
    (pad 2 smd roundrect (at 1.025 0 270) (size 1.15 1.4) (layers F.Cu F.Paste F.Mask) (roundrect_rratio 0.217391)
      (net 2 Vdd))
    (pad 1 smd roundrect (at -1.025 0 270) (size 1.15 1.4) (layers F.Cu F.Paste F.Mask) (roundrect_rratio 0.217391)
      (net 1 GND))
    (model ${KISYS3DMOD}/Capacitor_SMD.3dshapes/C_0805_2012Metric.wrl
      (at (xyz 0 0 0))
      (scale (xyz 1 1 1))
      (rotate (xyz 0 0 0))
    )
  )

  (module Capacitor_SMD:C_0805_2012Metric_Pad1.15x1.40mm_HandSolder (layer F.Cu) (tedit 5B36C52B) (tstamp 5CBE5D63)
    (at 141.397 78.858 180)
    (descr "Capacitor SMD 0805 (2012 Metric), square (rectangular) end terminal, IPC_7351 nominal with elongated pad for handsoldering. (Body size source: https://docs.google.com/spreadsheets/d/1BsfQQcO9C6DZCsRaXUlFlo91Tg2WpOkGARC1WS5S8t0/edit?usp=sharing), generated with kicad-footprint-generator")
    (tags "capacitor handsolder")
    (path /5C7C3892)
    (attr smd)
    (fp_text reference C3 (at 2.575 0 90) (layer F.SilkS)
      (effects (font (size 1 1) (thickness 0.15)))
    )
    (fp_text value 100n (at 0.075 0 180) (layer F.Fab)
      (effects (font (size 1 1) (thickness 0.15)))
    )
    (fp_text user %R (at 0 0 180) (layer F.Fab)
      (effects (font (size 0.5 0.5) (thickness 0.08)))
    )
    (fp_line (start 1.85 0.95) (end -1.85 0.95) (layer F.CrtYd) (width 0.05))
    (fp_line (start 1.85 -0.95) (end 1.85 0.95) (layer F.CrtYd) (width 0.05))
    (fp_line (start -1.85 -0.95) (end 1.85 -0.95) (layer F.CrtYd) (width 0.05))
    (fp_line (start -1.85 0.95) (end -1.85 -0.95) (layer F.CrtYd) (width 0.05))
    (fp_line (start -0.261252 0.71) (end 0.261252 0.71) (layer F.SilkS) (width 0.12))
    (fp_line (start -0.261252 -0.71) (end 0.261252 -0.71) (layer F.SilkS) (width 0.12))
    (fp_line (start 1 0.6) (end -1 0.6) (layer F.Fab) (width 0.1))
    (fp_line (start 1 -0.6) (end 1 0.6) (layer F.Fab) (width 0.1))
    (fp_line (start -1 -0.6) (end 1 -0.6) (layer F.Fab) (width 0.1))
    (fp_line (start -1 0.6) (end -1 -0.6) (layer F.Fab) (width 0.1))
    (pad 2 smd roundrect (at 1.025 0 180) (size 1.15 1.4) (layers F.Cu F.Paste F.Mask) (roundrect_rratio 0.217391)
      (net 1 GND))
    (pad 1 smd roundrect (at -1.025 0 180) (size 1.15 1.4) (layers F.Cu F.Paste F.Mask) (roundrect_rratio 0.217391)
      (net 3 "Net-(C1-Pad1)"))
    (model ${KISYS3DMOD}/Capacitor_SMD.3dshapes/C_0805_2012Metric.wrl
      (at (xyz 0 0 0))
      (scale (xyz 1 1 1))
      (rotate (xyz 0 0 0))
    )
  )

  (module Capacitor_SMD:C_0805_2012Metric_Pad1.15x1.40mm_HandSolder (layer F.Cu) (tedit 5B36C52B) (tstamp 5CBE5D74)
    (at 151.622 79.883 90)
    (descr "Capacitor SMD 0805 (2012 Metric), square (rectangular) end terminal, IPC_7351 nominal with elongated pad for handsoldering. (Body size source: https://docs.google.com/spreadsheets/d/1BsfQQcO9C6DZCsRaXUlFlo91Tg2WpOkGARC1WS5S8t0/edit?usp=sharing), generated with kicad-footprint-generator")
    (tags "capacitor handsolder")
    (path /5C7CCB62)
    (attr smd)
    (fp_text reference C4 (at 2.825 0 180) (layer F.SilkS)
      (effects (font (size 1 1) (thickness 0.15)))
    )
    (fp_text value 100n (at -0.075 0 90) (layer F.Fab)
      (effects (font (size 1 1) (thickness 0.15)))
    )
    (fp_line (start -1 0.6) (end -1 -0.6) (layer F.Fab) (width 0.1))
    (fp_line (start -1 -0.6) (end 1 -0.6) (layer F.Fab) (width 0.1))
    (fp_line (start 1 -0.6) (end 1 0.6) (layer F.Fab) (width 0.1))
    (fp_line (start 1 0.6) (end -1 0.6) (layer F.Fab) (width 0.1))
    (fp_line (start -0.261252 -0.71) (end 0.261252 -0.71) (layer F.SilkS) (width 0.12))
    (fp_line (start -0.261252 0.71) (end 0.261252 0.71) (layer F.SilkS) (width 0.12))
    (fp_line (start -1.85 0.95) (end -1.85 -0.95) (layer F.CrtYd) (width 0.05))
    (fp_line (start -1.85 -0.95) (end 1.85 -0.95) (layer F.CrtYd) (width 0.05))
    (fp_line (start 1.85 -0.95) (end 1.85 0.95) (layer F.CrtYd) (width 0.05))
    (fp_line (start 1.85 0.95) (end -1.85 0.95) (layer F.CrtYd) (width 0.05))
    (fp_text user %R (at 0 0 90) (layer F.Fab)
      (effects (font (size 0.5 0.5) (thickness 0.08)))
    )
    (pad 1 smd roundrect (at -1.025 0 90) (size 1.15 1.4) (layers F.Cu F.Paste F.Mask) (roundrect_rratio 0.217391)
      (net 2 Vdd))
    (pad 2 smd roundrect (at 1.025 0 90) (size 1.15 1.4) (layers F.Cu F.Paste F.Mask) (roundrect_rratio 0.217391)
      (net 1 GND))
    (model ${KISYS3DMOD}/Capacitor_SMD.3dshapes/C_0805_2012Metric.wrl
      (at (xyz 0 0 0))
      (scale (xyz 1 1 1))
      (rotate (xyz 0 0 0))
    )
  )

  (module Capacitor_SMD:C_0805_2012Metric_Pad1.15x1.40mm_HandSolder (layer F.Cu) (tedit 5B36C52B) (tstamp 5CBE5D85)
    (at 161.222 74.783 270)
    (descr "Capacitor SMD 0805 (2012 Metric), square (rectangular) end terminal, IPC_7351 nominal with elongated pad for handsoldering. (Body size source: https://docs.google.com/spreadsheets/d/1BsfQQcO9C6DZCsRaXUlFlo91Tg2WpOkGARC1WS5S8t0/edit?usp=sharing), generated with kicad-footprint-generator")
    (tags "capacitor handsolder")
    (path /5C7C50EF)
    (attr smd)
    (fp_text reference C5 (at 0.075 1.8 270) (layer F.SilkS)
      (effects (font (size 1 1) (thickness 0.15)))
    )
    (fp_text value 10n (at 0.075 0 270) (layer F.Fab)
      (effects (font (size 1 1) (thickness 0.15)))
    )
    (fp_line (start -1 0.6) (end -1 -0.6) (layer F.Fab) (width 0.1))
    (fp_line (start -1 -0.6) (end 1 -0.6) (layer F.Fab) (width 0.1))
    (fp_line (start 1 -0.6) (end 1 0.6) (layer F.Fab) (width 0.1))
    (fp_line (start 1 0.6) (end -1 0.6) (layer F.Fab) (width 0.1))
    (fp_line (start -0.261252 -0.71) (end 0.261252 -0.71) (layer F.SilkS) (width 0.12))
    (fp_line (start -0.261252 0.71) (end 0.261252 0.71) (layer F.SilkS) (width 0.12))
    (fp_line (start -1.85 0.95) (end -1.85 -0.95) (layer F.CrtYd) (width 0.05))
    (fp_line (start -1.85 -0.95) (end 1.85 -0.95) (layer F.CrtYd) (width 0.05))
    (fp_line (start 1.85 -0.95) (end 1.85 0.95) (layer F.CrtYd) (width 0.05))
    (fp_line (start 1.85 0.95) (end -1.85 0.95) (layer F.CrtYd) (width 0.05))
    (fp_text user %R (at 0 0 270) (layer F.Fab)
      (effects (font (size 0.5 0.5) (thickness 0.08)))
    )
    (pad 1 smd roundrect (at -1.025 0 270) (size 1.15 1.4) (layers F.Cu F.Paste F.Mask) (roundrect_rratio 0.217391)
      (net 4 "Net-(C5-Pad1)"))
    (pad 2 smd roundrect (at 1.025 0 270) (size 1.15 1.4) (layers F.Cu F.Paste F.Mask) (roundrect_rratio 0.217391)
      (net 1 GND))
    (model ${KISYS3DMOD}/Capacitor_SMD.3dshapes/C_0805_2012Metric.wrl
      (at (xyz 0 0 0))
      (scale (xyz 1 1 1))
      (rotate (xyz 0 0 0))
    )
  )

  (module LED_SMD:LED_0805_2012Metric_Pad1.15x1.40mm_HandSolder (layer F.Cu) (tedit 5B4B45C9) (tstamp 5CBE5D98)
    (at 149.122 79.983 270)
    (descr "LED SMD 0805 (2012 Metric), square (rectangular) end terminal, IPC_7351 nominal, (Body size source: https://docs.google.com/spreadsheets/d/1BsfQQcO9C6DZCsRaXUlFlo91Tg2WpOkGARC1WS5S8t0/edit?usp=sharing), generated with kicad-footprint-generator")
    (tags "LED handsolder")
    (path /5C7C3189)
    (attr smd)
    (fp_text reference D1 (at -2.925 0) (layer F.SilkS)
      (effects (font (size 1 1) (thickness 0.15)))
    )
    (fp_text value LED (at 0 0 270) (layer F.Fab)
      (effects (font (size 1 1) (thickness 0.15)))
    )
    (fp_line (start 1 -0.6) (end -0.7 -0.6) (layer F.Fab) (width 0.1))
    (fp_line (start -0.7 -0.6) (end -1 -0.3) (layer F.Fab) (width 0.1))
    (fp_line (start -1 -0.3) (end -1 0.6) (layer F.Fab) (width 0.1))
    (fp_line (start -1 0.6) (end 1 0.6) (layer F.Fab) (width 0.1))
    (fp_line (start 1 0.6) (end 1 -0.6) (layer F.Fab) (width 0.1))
    (fp_line (start 1 -0.96) (end -1.86 -0.96) (layer F.SilkS) (width 0.12))
    (fp_line (start -1.86 -0.96) (end -1.86 0.96) (layer F.SilkS) (width 0.12))
    (fp_line (start -1.86 0.96) (end 1 0.96) (layer F.SilkS) (width 0.12))
    (fp_line (start -1.85 0.95) (end -1.85 -0.95) (layer F.CrtYd) (width 0.05))
    (fp_line (start -1.85 -0.95) (end 1.85 -0.95) (layer F.CrtYd) (width 0.05))
    (fp_line (start 1.85 -0.95) (end 1.85 0.95) (layer F.CrtYd) (width 0.05))
    (fp_line (start 1.85 0.95) (end -1.85 0.95) (layer F.CrtYd) (width 0.05))
    (fp_text user %R (at 0 0 270) (layer F.Fab)
      (effects (font (size 0.5 0.5) (thickness 0.08)))
    )
    (pad 1 smd roundrect (at -1.025 0 270) (size 1.15 1.4) (layers F.Cu F.Paste F.Mask) (roundrect_rratio 0.217391)
      (net 1 GND))
    (pad 2 smd roundrect (at 1.025 0 270) (size 1.15 1.4) (layers F.Cu F.Paste F.Mask) (roundrect_rratio 0.217391)
      (net 5 "Net-(D1-Pad2)"))
    (model ${KISYS3DMOD}/LED_SMD.3dshapes/LED_0805_2012Metric.wrl
      (at (xyz 0 0 0))
      (scale (xyz 1 1 1))
      (rotate (xyz 0 0 0))
    )
  )

  (module Resistor_SMD:R_0805_2012Metric_Pad1.15x1.40mm_HandSolder (layer F.Cu) (tedit 5B36C52B) (tstamp 5CBE5DB1)
    (at 146.722 79.983 270)
    (descr "Resistor SMD 0805 (2012 Metric), square (rectangular) end terminal, IPC_7351 nominal with elongated pad for handsoldering. (Body size source: https://docs.google.com/spreadsheets/d/1BsfQQcO9C6DZCsRaXUlFlo91Tg2WpOkGARC1WS5S8t0/edit?usp=sharing), generated with kicad-footprint-generator")
    (tags "resistor handsolder")
    (path /5C7C3275)
    (attr smd)
    (fp_text reference R1 (at -2.925 -0.2) (layer F.SilkS)
      (effects (font (size 1 1) (thickness 0.15)))
    )
    (fp_text value 680 (at 0 0 270) (layer F.Fab)
      (effects (font (size 1 1) (thickness 0.15)))
    )
    (fp_line (start -1 0.6) (end -1 -0.6) (layer F.Fab) (width 0.1))
    (fp_line (start -1 -0.6) (end 1 -0.6) (layer F.Fab) (width 0.1))
    (fp_line (start 1 -0.6) (end 1 0.6) (layer F.Fab) (width 0.1))
    (fp_line (start 1 0.6) (end -1 0.6) (layer F.Fab) (width 0.1))
    (fp_line (start -0.261252 -0.71) (end 0.261252 -0.71) (layer F.SilkS) (width 0.12))
    (fp_line (start -0.261252 0.71) (end 0.261252 0.71) (layer F.SilkS) (width 0.12))
    (fp_line (start -1.85 0.95) (end -1.85 -0.95) (layer F.CrtYd) (width 0.05))
    (fp_line (start -1.85 -0.95) (end 1.85 -0.95) (layer F.CrtYd) (width 0.05))
    (fp_line (start 1.85 -0.95) (end 1.85 0.95) (layer F.CrtYd) (width 0.05))
    (fp_line (start 1.85 0.95) (end -1.85 0.95) (layer F.CrtYd) (width 0.05))
    (fp_text user %R (at 0.762 0.254 270) (layer F.Fab)
      (effects (font (size 0.5 0.5) (thickness 0.08)))
    )
    (pad 1 smd roundrect (at -1.025 0 270) (size 1.15 1.4) (layers F.Cu F.Paste F.Mask) (roundrect_rratio 0.217391)
      (net 8 "Net-(R1-Pad1)"))
    (pad 2 smd roundrect (at 1.025 0 270) (size 1.15 1.4) (layers F.Cu F.Paste F.Mask) (roundrect_rratio 0.217391)
      (net 5 "Net-(D1-Pad2)"))
    (model ${KISYS3DMOD}/Resistor_SMD.3dshapes/R_0805_2012Metric.wrl
      (at (xyz 0 0 0))
      (scale (xyz 1 1 1))
      (rotate (xyz 0 0 0))
    )
  )

  (module Resistor_SMD:R_0805_2012Metric_Pad1.15x1.40mm_HandSolder (layer F.Cu) (tedit 5B36C52B) (tstamp 5CBE5DC2)
    (at 161.222 78.983 90)
    (descr "Resistor SMD 0805 (2012 Metric), square (rectangular) end terminal, IPC_7351 nominal with elongated pad for handsoldering. (Body size source: https://docs.google.com/spreadsheets/d/1BsfQQcO9C6DZCsRaXUlFlo91Tg2WpOkGARC1WS5S8t0/edit?usp=sharing), generated with kicad-footprint-generator")
    (tags "resistor handsolder")
    (path /5C7C52BC)
    (attr smd)
    (fp_text reference R2 (at 0.325 -1.8 90) (layer F.SilkS)
      (effects (font (size 1 1) (thickness 0.15)))
    )
    (fp_text value 100k (at -0.075 0.1 90) (layer F.Fab)
      (effects (font (size 1 1) (thickness 0.15)))
    )
    (fp_text user %R (at 0 0 90) (layer F.Fab)
      (effects (font (size 0.5 0.5) (thickness 0.08)))
    )
    (fp_line (start 1.85 0.95) (end -1.85 0.95) (layer F.CrtYd) (width 0.05))
    (fp_line (start 1.85 -0.95) (end 1.85 0.95) (layer F.CrtYd) (width 0.05))
    (fp_line (start -1.85 -0.95) (end 1.85 -0.95) (layer F.CrtYd) (width 0.05))
    (fp_line (start -1.85 0.95) (end -1.85 -0.95) (layer F.CrtYd) (width 0.05))
    (fp_line (start -0.261252 0.71) (end 0.261252 0.71) (layer F.SilkS) (width 0.12))
    (fp_line (start -0.261252 -0.71) (end 0.261252 -0.71) (layer F.SilkS) (width 0.12))
    (fp_line (start 1 0.6) (end -1 0.6) (layer F.Fab) (width 0.1))
    (fp_line (start 1 -0.6) (end 1 0.6) (layer F.Fab) (width 0.1))
    (fp_line (start -1 -0.6) (end 1 -0.6) (layer F.Fab) (width 0.1))
    (fp_line (start -1 0.6) (end -1 -0.6) (layer F.Fab) (width 0.1))
    (pad 2 smd roundrect (at 1.025 0 90) (size 1.15 1.4) (layers F.Cu F.Paste F.Mask) (roundrect_rratio 0.217391)
      (net 4 "Net-(C5-Pad1)"))
    (pad 1 smd roundrect (at -1.025 0 90) (size 1.15 1.4) (layers F.Cu F.Paste F.Mask) (roundrect_rratio 0.217391)
      (net 2 Vdd))
    (model ${KISYS3DMOD}/Resistor_SMD.3dshapes/R_0805_2012Metric.wrl
      (at (xyz 0 0 0))
      (scale (xyz 1 1 1))
      (rotate (xyz 0 0 0))
    )
  )

  (module SPBTLE-1S:SPBTLE-1S (layer F.Cu) (tedit 5C7D5CEF) (tstamp 5CBE5E04)
    (at 143.51 75.184)
    (path /5C7C2BC4)
    (fp_text reference U2 (at -1.488 -6.126) (layer F.SilkS)
      (effects (font (size 1 1) (thickness 0.15)))
    )
    (fp_text value SPBTLE-1S (at 7.112 -13.97) (layer F.Fab)
      (effects (font (size 1 1) (thickness 0.15)))
    )
    (fp_line (start 13.5 -11.5) (end 0 -11.5) (layer F.Fab) (width 0.15))
    (fp_line (start 0 -11.5) (end 0 0) (layer F.Fab) (width 0.15))
    (fp_line (start 0 0) (end 13.5 0) (layer F.Fab) (width 0.15))
    (fp_line (start 13.5 0) (end 13.5 -11.5) (layer F.Fab) (width 0.15))
    (fp_line (start 14.5 -10.5) (end 14.5 -12.5) (layer F.SilkS) (width 0.25))
    (fp_line (start 14.5 -12.5) (end 12.5 -12.5) (layer F.SilkS) (width 0.25))
    (fp_line (start -1 -12.5) (end -1 -10.5) (layer F.SilkS) (width 0.25))
    (fp_line (start -1 -12.5) (end 1 -12.5) (layer F.SilkS) (width 0.25))
    (fp_line (start -1 -1) (end -1 1) (layer F.SilkS) (width 0.25))
    (fp_line (start -1 1) (end 1 1) (layer F.SilkS) (width 0.25))
    (fp_line (start 14.5 -1) (end 14.5 1) (layer F.SilkS) (width 0.25))
    (fp_line (start 12.5 1) (end 14.5 1) (layer F.SilkS) (width 0.25))
    (pad 5 smd rect (at 0 -1) (size 1.2 1) (layers F.Cu F.Paste F.Mask)
      (net 3 "Net-(C1-Pad1)"))
    (pad 4 smd rect (at 0 -2.27) (size 1.2 1) (layers F.Cu F.Paste F.Mask)
      (net 16 "Net-(U2-Pad4)"))
    (pad 3 smd rect (at 0 -3.54) (size 1.2 1) (layers F.Cu F.Paste F.Mask)
      (net 17 "Net-(U2-Pad3)"))
    (pad 2 smd rect (at 0 -4.81) (size 1.2 1) (layers F.Cu F.Paste F.Mask)
      (net 18 "Net-(U2-Pad2)"))
    (pad 1 smd rect (at 0 -6.08) (size 1.2 1) (layers F.Cu F.Paste F.Mask)
      (net 19 "Net-(U2-Pad1)"))
    (pad 6 smd rect (at 1.46 0) (size 1 1.2) (layers F.Cu F.Paste F.Mask)
      (net 20 "Net-(U2-Pad6)"))
    (pad 7 smd rect (at 2.73 0) (size 1 1.2) (layers F.Cu F.Paste F.Mask)
      (net 8 "Net-(R1-Pad1)"))
    (pad 8 smd rect (at 4 0) (size 1 1.2) (layers F.Cu F.Paste F.Mask)
      (net 1 GND))
    (pad 9 smd rect (at 5.27 0) (size 1 1.2) (layers F.Cu F.Paste F.Mask)
      (net 21 "Net-(U2-Pad9)"))
    (pad 10 smd rect (at 6.54 0) (size 1 1.2) (layers F.Cu F.Paste F.Mask)
      (net 22 "Net-(U2-Pad10)"))
    (pad 11 smd rect (at 7.81 0) (size 1 1.2) (layers F.Cu F.Paste F.Mask)
      (net 23 "Net-(U2-Pad11)"))
    (pad 12 smd rect (at 9.08 0) (size 1 1.2) (layers F.Cu F.Paste F.Mask)
      (net 6 JTCK-SWCTK))
    (pad 13 smd rect (at 10.35 0) (size 1 1.2) (layers F.Cu F.Paste F.Mask)
      (net 7 JTMS-SWTDIO))
    (pad 14 smd rect (at 11.62 0) (size 1 1.2) (layers F.Cu F.Paste F.Mask)
      (net 24 "Net-(U2-Pad14)"))
    (pad 15 smd rect (at 13.5 -1) (size 1.2 1) (layers F.Cu F.Paste F.Mask)
      (net 9 SPI_CLK))
    (pad 16 smd rect (at 13.5 -2.27) (size 1.2 1) (layers F.Cu F.Paste F.Mask)
      (net 11 SPI_OUT))
    (pad 17 smd rect (at 13.5 -3.54) (size 1.2 1) (layers F.Cu F.Paste F.Mask)
      (net 12 SPI_IN))
    (pad 18 smd rect (at 13.5 -4.81) (size 1.2 1) (layers F.Cu F.Paste F.Mask)
      (net 10 SPI_CS))
    (pad 19 smd rect (at 13.5 -6.08) (size 1.2 1) (layers F.Cu F.Paste F.Mask)
      (net 4 "Net-(C5-Pad1)"))
    (pad 20 smd rect (at 13.5 -7.35) (size 1.2 1) (layers F.Cu F.Paste F.Mask)
      (net 13 DIO12-INT))
    (pad 21 smd rect (at 11.62 -11.5) (size 1 1.2) (layers F.Cu F.Paste F.Mask)
      (net 25 "Net-(U2-Pad21)"))
    (pad 22 smd rect (at 10.35 -11.5) (size 1 1.2) (layers F.Cu F.Paste F.Mask)
      (net 26 "Net-(U2-Pad22)"))
    (pad 23 smd rect (at 9.08 -11.5) (size 1 1.2) (layers F.Cu F.Paste F.Mask)
      (net 27 "Net-(U2-Pad23)"))
  )

  (module Capacitor_SMD:C_0805_2012Metric_Pad1.15x1.40mm_HandSolder (layer F.Cu) (tedit 5B36C52B) (tstamp 5C906E4A)
    (at 157.222 90.858 270)
    (descr "Capacitor SMD 0805 (2012 Metric), square (rectangular) end terminal, IPC_7351 nominal with elongated pad for handsoldering. (Body size source: https://docs.google.com/spreadsheets/d/1BsfQQcO9C6DZCsRaXUlFlo91Tg2WpOkGARC1WS5S8t0/edit?usp=sharing), generated with kicad-footprint-generator")
    (tags "capacitor handsolder")
    (path /5C7F5837)
    (attr smd)
    (fp_text reference C6 (at 1.2 -2.1) (layer F.SilkS)
      (effects (font (size 1 1) (thickness 0.15)))
    )
    (fp_text value 1u (at -0.1 0.1 270) (layer F.Fab)
      (effects (font (size 1 1) (thickness 0.15)))
    )
    (fp_text user %R (at 0 0 270) (layer F.Fab)
      (effects (font (size 0.5 0.5) (thickness 0.08)))
    )
    (fp_line (start 1.85 0.95) (end -1.85 0.95) (layer F.CrtYd) (width 0.05))
    (fp_line (start 1.85 -0.95) (end 1.85 0.95) (layer F.CrtYd) (width 0.05))
    (fp_line (start -1.85 -0.95) (end 1.85 -0.95) (layer F.CrtYd) (width 0.05))
    (fp_line (start -1.85 0.95) (end -1.85 -0.95) (layer F.CrtYd) (width 0.05))
    (fp_line (start -0.261252 0.71) (end 0.261252 0.71) (layer F.SilkS) (width 0.12))
    (fp_line (start -0.261252 -0.71) (end 0.261252 -0.71) (layer F.SilkS) (width 0.12))
    (fp_line (start 1 0.6) (end -1 0.6) (layer F.Fab) (width 0.1))
    (fp_line (start 1 -0.6) (end 1 0.6) (layer F.Fab) (width 0.1))
    (fp_line (start -1 -0.6) (end 1 -0.6) (layer F.Fab) (width 0.1))
    (fp_line (start -1 0.6) (end -1 -0.6) (layer F.Fab) (width 0.1))
    (pad 2 smd roundrect (at 1.025 0 270) (size 1.15 1.4) (layers F.Cu F.Paste F.Mask) (roundrect_rratio 0.217391)
      (net 29 "Net-(C6-Pad2)"))
    (pad 1 smd roundrect (at -1.025 0 270) (size 1.15 1.4) (layers F.Cu F.Paste F.Mask) (roundrect_rratio 0.217391)
      (net 1 GND))
    (model ${KISYS3DMOD}/Capacitor_SMD.3dshapes/C_0805_2012Metric.wrl
      (at (xyz 0 0 0))
      (scale (xyz 1 1 1))
      (rotate (xyz 0 0 0))
    )
  )

  (module Capacitor_SMD:C_0805_2012Metric_Pad1.15x1.40mm_HandSolder (layer F.Cu) (tedit 5B36C52B) (tstamp 5C906E5B)
    (at 156.197 86.858)
    (descr "Capacitor SMD 0805 (2012 Metric), square (rectangular) end terminal, IPC_7351 nominal with elongated pad for handsoldering. (Body size source: https://docs.google.com/spreadsheets/d/1BsfQQcO9C6DZCsRaXUlFlo91Tg2WpOkGARC1WS5S8t0/edit?usp=sharing), generated with kicad-footprint-generator")
    (tags "capacitor handsolder")
    (path /5C7F392C)
    (attr smd)
    (fp_text reference C7 (at 0 -1.65) (layer F.SilkS)
      (effects (font (size 1 1) (thickness 0.15)))
    )
    (fp_text value 1u (at 0.125 0.1) (layer F.Fab)
      (effects (font (size 1 1) (thickness 0.15)))
    )
    (fp_line (start -1 0.6) (end -1 -0.6) (layer F.Fab) (width 0.1))
    (fp_line (start -1 -0.6) (end 1 -0.6) (layer F.Fab) (width 0.1))
    (fp_line (start 1 -0.6) (end 1 0.6) (layer F.Fab) (width 0.1))
    (fp_line (start 1 0.6) (end -1 0.6) (layer F.Fab) (width 0.1))
    (fp_line (start -0.261252 -0.71) (end 0.261252 -0.71) (layer F.SilkS) (width 0.12))
    (fp_line (start -0.261252 0.71) (end 0.261252 0.71) (layer F.SilkS) (width 0.12))
    (fp_line (start -1.85 0.95) (end -1.85 -0.95) (layer F.CrtYd) (width 0.05))
    (fp_line (start -1.85 -0.95) (end 1.85 -0.95) (layer F.CrtYd) (width 0.05))
    (fp_line (start 1.85 -0.95) (end 1.85 0.95) (layer F.CrtYd) (width 0.05))
    (fp_line (start 1.85 0.95) (end -1.85 0.95) (layer F.CrtYd) (width 0.05))
    (fp_text user %R (at 0 0) (layer F.Fab)
      (effects (font (size 0.5 0.5) (thickness 0.08)))
    )
    (pad 1 smd roundrect (at -1.025 0) (size 1.15 1.4) (layers F.Cu F.Paste F.Mask) (roundrect_rratio 0.217391)
      (net 2 Vdd))
    (pad 2 smd roundrect (at 1.025 0) (size 1.15 1.4) (layers F.Cu F.Paste F.Mask) (roundrect_rratio 0.217391)
      (net 1 GND))
    (model ${KISYS3DMOD}/Capacitor_SMD.3dshapes/C_0805_2012Metric.wrl
      (at (xyz 0 0 0))
      (scale (xyz 1 1 1))
      (rotate (xyz 0 0 0))
    )
  )

  (module Jumper:SolderJumper-3_P1.3mm_Open_RoundedPad1.0x1.5mm (layer F.Cu) (tedit 5B391EB7) (tstamp 5C91F740)
    (at 144.622 94.358 270)
    (descr "SMD Solder 3-pad Jumper, 1x1.5mm rounded Pads, 0.3mm gap, open")
    (tags "solder jumper open")
    (path /5C7EB1F7)
    (attr virtual)
    (fp_text reference J2 (at -0.3 2.3 270) (layer F.SilkS)
      (effects (font (size 1 1) (thickness 0.15)))
    )
    (fp_text value Conn_01x03 (at -0.3 0 90) (layer F.Fab)
      (effects (font (size 1 1) (thickness 0.15)))
    )
    (fp_line (start -1.2 1.2) (end -0.9 1.5) (layer F.SilkS) (width 0.12))
    (fp_line (start -1.5 1.5) (end -0.9 1.5) (layer F.SilkS) (width 0.12))
    (fp_line (start -1.2 1.2) (end -1.5 1.5) (layer F.SilkS) (width 0.12))
    (fp_line (start -2.05 0.3) (end -2.05 -0.3) (layer F.SilkS) (width 0.12))
    (fp_line (start 1.4 1) (end -1.4 1) (layer F.SilkS) (width 0.12))
    (fp_line (start 2.05 -0.3) (end 2.05 0.3) (layer F.SilkS) (width 0.12))
    (fp_line (start -1.4 -1) (end 1.4 -1) (layer F.SilkS) (width 0.12))
    (fp_line (start -2.3 -1.25) (end 2.3 -1.25) (layer F.CrtYd) (width 0.05))
    (fp_line (start -2.3 -1.25) (end -2.3 1.25) (layer F.CrtYd) (width 0.05))
    (fp_line (start 2.3 1.25) (end 2.3 -1.25) (layer F.CrtYd) (width 0.05))
    (fp_line (start 2.3 1.25) (end -2.3 1.25) (layer F.CrtYd) (width 0.05))
    (fp_arc (start 1.35 -0.3) (end 2.05 -0.3) (angle -90) (layer F.SilkS) (width 0.12))
    (fp_arc (start 1.35 0.3) (end 1.35 1) (angle -90) (layer F.SilkS) (width 0.12))
    (fp_arc (start -1.35 0.3) (end -2.05 0.3) (angle -90) (layer F.SilkS) (width 0.12))
    (fp_arc (start -1.35 -0.3) (end -1.35 -1) (angle -90) (layer F.SilkS) (width 0.12))
    (pad 1 smd custom (at -1.3 0 270) (size 1 0.5) (layers F.Cu F.Mask)
      (net 29 "Net-(C6-Pad2)") (zone_connect 2)
      (options (clearance outline) (anchor rect))
      (primitives
        (gr_circle (center 0 0.25) (end 0.5 0.25) (width 0))
        (gr_circle (center 0 -0.25) (end 0.5 -0.25) (width 0))
        (gr_poly (pts
           (xy 0.55 -0.75) (xy 0 -0.75) (xy 0 0.75) (xy 0.55 0.75)) (width 0))
      ))
    (pad 3 smd custom (at 1.3 0 270) (size 1 0.5) (layers F.Cu F.Mask)
      (net 2 Vdd) (zone_connect 2)
      (options (clearance outline) (anchor rect))
      (primitives
        (gr_circle (center 0 0.25) (end 0.5 0.25) (width 0))
        (gr_circle (center 0 -0.25) (end 0.5 -0.25) (width 0))
        (gr_poly (pts
           (xy -0.55 -0.75) (xy 0 -0.75) (xy 0 0.75) (xy -0.55 0.75)) (width 0))
      ))
    (pad 2 smd rect (at 0 0 270) (size 1 1.5) (layers F.Cu F.Mask)
      (net 28 "Net-(BT1-Pad1)"))
  )

  (module Package_TO_SOT_SMD:SOT-23-5 (layer F.Cu) (tedit 5A02FF57) (tstamp 5C906E9C)
    (at 152.722 90.508 180)
    (descr "5-pin SOT23 package")
    (tags SOT-23-5)
    (path /5C7EE612)
    (attr smd)
    (fp_text reference U3 (at 0 2.65 180) (layer F.SilkS)
      (effects (font (size 1 1) (thickness 0.15)))
    )
    (fp_text value TLV70033_SOT23-5 (at -0.2 -0.05 180) (layer F.Fab)
      (effects (font (size 1 1) (thickness 0.15)))
    )
    (fp_text user %R (at 0 0 270) (layer F.Fab)
      (effects (font (size 0.5 0.5) (thickness 0.075)))
    )
    (fp_line (start -0.9 1.61) (end 0.9 1.61) (layer F.SilkS) (width 0.12))
    (fp_line (start 0.9 -1.61) (end -1.55 -1.61) (layer F.SilkS) (width 0.12))
    (fp_line (start -1.9 -1.8) (end 1.9 -1.8) (layer F.CrtYd) (width 0.05))
    (fp_line (start 1.9 -1.8) (end 1.9 1.8) (layer F.CrtYd) (width 0.05))
    (fp_line (start 1.9 1.8) (end -1.9 1.8) (layer F.CrtYd) (width 0.05))
    (fp_line (start -1.9 1.8) (end -1.9 -1.8) (layer F.CrtYd) (width 0.05))
    (fp_line (start -0.9 -0.9) (end -0.25 -1.55) (layer F.Fab) (width 0.1))
    (fp_line (start 0.9 -1.55) (end -0.25 -1.55) (layer F.Fab) (width 0.1))
    (fp_line (start -0.9 -0.9) (end -0.9 1.55) (layer F.Fab) (width 0.1))
    (fp_line (start 0.9 1.55) (end -0.9 1.55) (layer F.Fab) (width 0.1))
    (fp_line (start 0.9 -1.55) (end 0.9 1.55) (layer F.Fab) (width 0.1))
    (pad 1 smd rect (at -1.1 -0.95 180) (size 1.06 0.65) (layers F.Cu F.Paste F.Mask)
      (net 29 "Net-(C6-Pad2)"))
    (pad 2 smd rect (at -1.1 0 180) (size 1.06 0.65) (layers F.Cu F.Paste F.Mask)
      (net 1 GND))
    (pad 3 smd rect (at -1.1 0.95 180) (size 1.06 0.65) (layers F.Cu F.Paste F.Mask)
      (net 2 Vdd))
    (pad 4 smd rect (at 1.1 0.95 180) (size 1.06 0.65) (layers F.Cu F.Paste F.Mask)
      (net 30 "Net-(U3-Pad4)"))
    (pad 5 smd rect (at 1.1 -0.95 180) (size 1.06 0.65) (layers F.Cu F.Paste F.Mask)
      (net 2 Vdd))
    (model ${KISYS3DMOD}/Package_TO_SOT_SMD.3dshapes/SOT-23-5.wrl
      (at (xyz 0 0 0))
      (scale (xyz 1 1 1))
      (rotate (xyz 0 0 0))
    )
  )

