(kicad_pcb (version 20171130) (host pcbnew "(5.0.2)-1")

  (general
    (thickness 1.6)
    (drawings 8)
    (tracks 116)
    (zones 0)
    (modules 12)
    (nets 28)
  )

  (page A4)
  (layers
    (0 F.Cu signal)
    (31 B.Cu signal)
    (32 B.Adhes user)
    (33 F.Adhes user)
    (34 B.Paste user)
    (35 F.Paste user)
    (36 B.SilkS user)
    (37 F.SilkS user)
    (38 B.Mask user)
    (39 F.Mask user)
    (40 Dwgs.User user)
    (41 Cmts.User user)
    (42 Eco1.User user)
    (43 Eco2.User user)
    (44 Edge.Cuts user)
    (45 Margin user)
    (46 B.CrtYd user)
    (47 F.CrtYd user)
    (48 B.Fab user)
    (49 F.Fab user)
  )

  (setup
    (last_trace_width 0.254)
    (trace_clearance 0.15)
    (zone_clearance 0.254)
    (zone_45_only no)
    (trace_min 0.1524)
    (segment_width 0.2)
    (edge_width 0.2)
    (via_size 0.762)
    (via_drill 0.381)
    (via_min_size 0.6858)
    (via_min_drill 0.3302)
    (uvia_size 0.762)
    (uvia_drill 0.381)
    (uvias_allowed no)
    (uvia_min_size 0.2)
    (uvia_min_drill 0.1)
    (pcb_text_width 0.3)
    (pcb_text_size 1.5 1.5)
    (mod_edge_width 0.15)
    (mod_text_size 1 1)
    (mod_text_width 0.15)
    (pad_size 1.524 1.524)
    (pad_drill 0.762)
    (pad_to_mask_clearance 0.0508)
    (solder_mask_min_width 0.25)
    (aux_axis_origin 0 0)
    (grid_origin 137.922 95.758)
    (visible_elements 7FFFFFFF)
    (pcbplotparams
      (layerselection 0x010fc_ffffffff)
      (usegerberextensions false)
      (usegerberattributes false)
      (usegerberadvancedattributes false)
      (creategerberjobfile false)
      (excludeedgelayer true)
      (linewidth 0.100000)
      (plotframeref false)
      (viasonmask false)
      (mode 1)
      (useauxorigin false)
      (hpglpennumber 1)
      (hpglpenspeed 20)
      (hpglpendiameter 15.000000)
      (psnegative false)
      (psa4output false)
      (plotreference true)
      (plotvalue true)
      (plotinvisibletext false)
      (padsonsilk false)
      (subtractmaskfromsilk false)
      (outputformat 1)
      (mirror false)
      (drillshape 1)
      (scaleselection 1)
      (outputdirectory ""))
  )

  (net 0 "")
  (net 1 GND)
  (net 2 Vdd)
  (net 3 "Net-(C1-Pad1)")
  (net 4 "Net-(C5-Pad1)")
  (net 5 "Net-(D1-Pad2)")
  (net 6 JTCK-SWCTK)
  (net 7 JTMS-SWTDIO)
  (net 8 "Net-(R1-Pad1)")
  (net 9 SPI_CLK)
  (net 10 SPI_CS)
  (net 11 SPI_OUT)
  (net 12 SPI_IN)
  (net 13 DIO12-INT)
  (net 14 "Net-(U1-Pad10)")
  (net 15 "Net-(U1-Pad9)")
  (net 16 "Net-(U2-Pad4)")
  (net 17 "Net-(U2-Pad3)")
  (net 18 "Net-(U2-Pad2)")
  (net 19 "Net-(U2-Pad1)")
  (net 20 "Net-(U2-Pad6)")
  (net 21 "Net-(U2-Pad9)")
  (net 22 "Net-(U2-Pad10)")
  (net 23 "Net-(U2-Pad11)")
  (net 24 "Net-(U2-Pad14)")
  (net 25 "Net-(U2-Pad21)")
  (net 26 "Net-(U2-Pad22)")
  (net 27 "Net-(U2-Pad23)")

  (net_class Default "This is the default net class."
    (clearance 0.15)
    (trace_width 0.254)
    (via_dia 0.762)
    (via_drill 0.381)
    (uvia_dia 0.762)
    (uvia_drill 0.381)
    (add_net DIO12-INT)
    (add_net GND)
    (add_net JTCK-SWCTK)
    (add_net JTMS-SWTDIO)
    (add_net "Net-(C1-Pad1)")
    (add_net "Net-(C5-Pad1)")
    (add_net "Net-(D1-Pad2)")
    (add_net "Net-(R1-Pad1)")
    (add_net "Net-(U1-Pad10)")
    (add_net "Net-(U1-Pad9)")
    (add_net "Net-(U2-Pad1)")
    (add_net "Net-(U2-Pad10)")
    (add_net "Net-(U2-Pad11)")
    (add_net "Net-(U2-Pad14)")
    (add_net "Net-(U2-Pad2)")
    (add_net "Net-(U2-Pad21)")
    (add_net "Net-(U2-Pad22)")
    (add_net "Net-(U2-Pad23)")
    (add_net "Net-(U2-Pad3)")
    (add_net "Net-(U2-Pad4)")
    (add_net "Net-(U2-Pad6)")
    (add_net "Net-(U2-Pad9)")
    (add_net SPI_CLK)
    (add_net SPI_CS)
    (add_net SPI_IN)
    (add_net SPI_OUT)
    (add_net Vdd)
  )

  (module Battery:BatteryHolder_MPD_BC2003_1x2032 (layer B.Cu) (tedit 5AED2918) (tstamp 5CBE5D30)
    (at 150.114 82.329 270)
    (descr http://www.memoryprotectiondevices.com/datasheets/BC-2003-datasheet.pdf)
    (tags "BC2003 CR2032 2032 Battery Holder")
    (path /5C7C2ECA)
    (attr smd)
    (fp_text reference BT1 (at 0 11.2 270) (layer B.SilkS)
      (effects (font (size 1 1) (thickness 0.15)) (justify mirror))
    )
    (fp_text value Battery_Cell (at 0 -11.2 270) (layer B.Fab)
      (effects (font (size 1 1) (thickness 0.15)) (justify mirror))
    )
    (fp_line (start -10.35 -4.765) (end 10.35 -4.765) (layer B.Fab) (width 0.1))
    (fp_line (start -10.35 4.765) (end 10.35 4.765) (layer B.Fab) (width 0.1))
    (fp_line (start -10.35 -4.765) (end -10.35 4.765) (layer B.Fab) (width 0.1))
    (fp_line (start 10.35 -4.765) (end 10.35 4.765) (layer B.Fab) (width 0.1))
    (fp_line (start 10.35 -2.525) (end 12 -2.525) (layer B.Fab) (width 0.1))
    (fp_line (start 10.35 2.525) (end 12 2.525) (layer B.Fab) (width 0.1))
    (fp_line (start 12.7 1.825) (end 12 2.525) (layer B.Fab) (width 0.1))
    (fp_line (start 12.7 -1.825) (end 12 -2.525) (layer B.Fab) (width 0.1))
    (fp_line (start 12.7 1.825) (end 12.7 -1.825) (layer B.Fab) (width 0.1))
    (fp_line (start -10.35 2.525) (end -12 2.525) (layer B.Fab) (width 0.1))
    (fp_line (start -10.35 -2.525) (end -12 -2.525) (layer B.Fab) (width 0.1))
    (fp_line (start -12.7 1.825) (end -12 2.525) (layer B.Fab) (width 0.1))
    (fp_line (start -12.7 -1.825) (end -12 -2.525) (layer B.Fab) (width 0.1))
    (fp_line (start -12.7 1.825) (end -12.7 -1.825) (layer B.Fab) (width 0.1))
    (fp_text user %R (at 0 0 270) (layer B.Fab)
      (effects (font (size 1 1) (thickness 0.15)) (justify mirror))
    )
    (fp_line (start -10.47 4.885) (end -8.86291 4.885) (layer B.SilkS) (width 0.12))
    (fp_line (start -10.47 3) (end -10.47 4.885) (layer B.SilkS) (width 0.12))
    (fp_line (start 10.47 3) (end 10.47 4.885) (layer B.SilkS) (width 0.12))
    (fp_line (start -10.47 -3) (end -10.47 -4.885) (layer B.SilkS) (width 0.12))
    (fp_line (start 10.47 -3) (end 10.47 -4.885) (layer B.SilkS) (width 0.12))
    (fp_line (start 10.47 4.885) (end 8.86291 4.885) (layer B.SilkS) (width 0.12))
    (fp_line (start -10.47 -4.885) (end -8.86291 -4.885) (layer B.SilkS) (width 0.12))
    (fp_line (start 10.47 -4.885) (end 8.86291 -4.885) (layer B.SilkS) (width 0.12))
    (fp_line (start 8.94 5.01) (end 10.6 5.01) (layer B.CrtYd) (width 0.05))
    (fp_line (start 10.6 5.01) (end 10.6 3.03) (layer B.CrtYd) (width 0.05))
    (fp_line (start 10.6 3.03) (end 13.45 3.03) (layer B.CrtYd) (width 0.05))
    (fp_line (start 13.45 3.03) (end 13.45 -3.03) (layer B.CrtYd) (width 0.05))
    (fp_line (start 10.6 -3.03) (end 13.45 -3.03) (layer B.CrtYd) (width 0.05))
    (fp_line (start 10.6 -5.01) (end 10.6 -3.03) (layer B.CrtYd) (width 0.05))
    (fp_arc (start 0 0) (end 8.94 5.01) (angle 121.4) (layer B.CrtYd) (width 0.05))
    (fp_line (start 8.94 -5.01) (end 10.6 -5.01) (layer B.CrtYd) (width 0.05))
    (fp_line (start -8.94 5.01) (end -10.6 5.01) (layer B.CrtYd) (width 0.05))
    (fp_line (start -10.6 5.01) (end -10.6 3.03) (layer B.CrtYd) (width 0.05))
    (fp_line (start -10.6 3.03) (end -13.45 3.03) (layer B.CrtYd) (width 0.05))
    (fp_line (start -13.45 3.03) (end -13.45 -3.03) (layer B.CrtYd) (width 0.05))
    (fp_line (start -13.45 -3.03) (end -10.6 -3.03) (layer B.CrtYd) (width 0.05))
    (fp_line (start -10.6 -5.01) (end -10.6 -3.03) (layer B.CrtYd) (width 0.05))
    (fp_line (start -10.6 -5.01) (end -8.94 -5.01) (layer B.CrtYd) (width 0.05))
    (fp_arc (start 0 0) (end -8.94 -5.01) (angle 121.3) (layer B.CrtYd) (width 0.05))
    (fp_arc (start 0 0) (end 8.86291 4.885) (angle 122.2752329) (layer B.SilkS) (width 0.12))
    (fp_arc (start 0 0) (end -8.86291 -4.885) (angle 122.3) (layer B.SilkS) (width 0.12))
    (pad 2 smd rect (at 0 0 270) (size 8 5.56) (layers B.Cu B.Paste B.Mask)
      (net 1 GND))
    (pad 1 smd rect (at 11.905 0 270) (size 2.6 5.56) (layers B.Cu B.Paste B.Mask)
      (net 2 Vdd))
    (pad 1 smd rect (at -11.905 0 270) (size 2.6 5.56) (layers B.Cu B.Paste B.Mask)
      (net 2 Vdd))
    (model ${KISYS3DMOD}/Battery.3dshapes/BatteryHolder_MPD_BC2003_1x2032.wrl
      (at (xyz 0 0 0))
      (scale (xyz 1 1 1))
      (rotate (xyz 0 0 0))
    )
  )

  (module Capacitor_SMD:C_0805_2012Metric_Pad1.15x1.40mm_HandSolder (layer F.Cu) (tedit 5B36C52B) (tstamp 5CBE5D41)
    (at 149.089 85.09)
    (descr "Capacitor SMD 0805 (2012 Metric), square (rectangular) end terminal, IPC_7351 nominal with elongated pad for handsoldering. (Body size source: https://docs.google.com/spreadsheets/d/1BsfQQcO9C6DZCsRaXUlFlo91Tg2WpOkGARC1WS5S8t0/edit?usp=sharing), generated with kicad-footprint-generator")
    (tags "capacitor handsolder")
    (path /5C7C3846)
    (attr smd)
    (fp_text reference C1 (at 0 -1.65) (layer F.SilkS)
      (effects (font (size 1 1) (thickness 0.15)))
    )
    (fp_text value 2.2u (at 0 1.65) (layer F.Fab)
      (effects (font (size 1 1) (thickness 0.15)))
    )
    (fp_line (start -1 0.6) (end -1 -0.6) (layer F.Fab) (width 0.1))
    (fp_line (start -1 -0.6) (end 1 -0.6) (layer F.Fab) (width 0.1))
    (fp_line (start 1 -0.6) (end 1 0.6) (layer F.Fab) (width 0.1))
    (fp_line (start 1 0.6) (end -1 0.6) (layer F.Fab) (width 0.1))
    (fp_line (start -0.261252 -0.71) (end 0.261252 -0.71) (layer F.SilkS) (width 0.12))
    (fp_line (start -0.261252 0.71) (end 0.261252 0.71) (layer F.SilkS) (width 0.12))
    (fp_line (start -1.85 0.95) (end -1.85 -0.95) (layer F.CrtYd) (width 0.05))
    (fp_line (start -1.85 -0.95) (end 1.85 -0.95) (layer F.CrtYd) (width 0.05))
    (fp_line (start 1.85 -0.95) (end 1.85 0.95) (layer F.CrtYd) (width 0.05))
    (fp_line (start 1.85 0.95) (end -1.85 0.95) (layer F.CrtYd) (width 0.05))
    (fp_text user %R (at 0 0 180) (layer F.Fab)
      (effects (font (size 0.5 0.5) (thickness 0.08)))
    )
    (pad 1 smd roundrect (at -1.025 0) (size 1.15 1.4) (layers F.Cu F.Paste F.Mask) (roundrect_rratio 0.217391)
      (net 3 "Net-(C1-Pad1)"))
    (pad 2 smd roundrect (at 1.025 0) (size 1.15 1.4) (layers F.Cu F.Paste F.Mask) (roundrect_rratio 0.217391)
      (net 1 GND))
    (model ${KISYS3DMOD}/Capacitor_SMD.3dshapes/C_0805_2012Metric.wrl
      (at (xyz 0 0 0))
      (scale (xyz 1 1 1))
      (rotate (xyz 0 0 0))
    )
  )

  (module Capacitor_SMD:C_0805_2012Metric_Pad1.15x1.40mm_HandSolder (layer F.Cu) (tedit 5B36C52B) (tstamp 5CBE5D52)
    (at 153.679 85.09 180)
    (descr "Capacitor SMD 0805 (2012 Metric), square (rectangular) end terminal, IPC_7351 nominal with elongated pad for handsoldering. (Body size source: https://docs.google.com/spreadsheets/d/1BsfQQcO9C6DZCsRaXUlFlo91Tg2WpOkGARC1WS5S8t0/edit?usp=sharing), generated with kicad-footprint-generator")
    (tags "capacitor handsolder")
    (path /5C7C8FE0)
    (attr smd)
    (fp_text reference C2 (at 0 -1.65 180) (layer F.SilkS)
      (effects (font (size 1 1) (thickness 0.15)))
    )
    (fp_text value 100n (at 0 1.65 180) (layer F.Fab)
      (effects (font (size 1 1) (thickness 0.15)))
    )
    (fp_text user %R (at 0 0 180) (layer F.Fab)
      (effects (font (size 0.5 0.5) (thickness 0.08)))
    )
    (fp_line (start 1.85 0.95) (end -1.85 0.95) (layer F.CrtYd) (width 0.05))
    (fp_line (start 1.85 -0.95) (end 1.85 0.95) (layer F.CrtYd) (width 0.05))
    (fp_line (start -1.85 -0.95) (end 1.85 -0.95) (layer F.CrtYd) (width 0.05))
    (fp_line (start -1.85 0.95) (end -1.85 -0.95) (layer F.CrtYd) (width 0.05))
    (fp_line (start -0.261252 0.71) (end 0.261252 0.71) (layer F.SilkS) (width 0.12))
    (fp_line (start -0.261252 -0.71) (end 0.261252 -0.71) (layer F.SilkS) (width 0.12))
    (fp_line (start 1 0.6) (end -1 0.6) (layer F.Fab) (width 0.1))
    (fp_line (start 1 -0.6) (end 1 0.6) (layer F.Fab) (width 0.1))
    (fp_line (start -1 -0.6) (end 1 -0.6) (layer F.Fab) (width 0.1))
    (fp_line (start -1 0.6) (end -1 -0.6) (layer F.Fab) (width 0.1))
    (pad 2 smd roundrect (at 1.025 0 180) (size 1.15 1.4) (layers F.Cu F.Paste F.Mask) (roundrect_rratio 0.217391)
      (net 2 Vdd))
    (pad 1 smd roundrect (at -1.025 0 180) (size 1.15 1.4) (layers F.Cu F.Paste F.Mask) (roundrect_rratio 0.217391)
      (net 1 GND))
    (model ${KISYS3DMOD}/Capacitor_SMD.3dshapes/C_0805_2012Metric.wrl
      (at (xyz 0 0 0))
      (scale (xyz 1 1 1))
      (rotate (xyz 0 0 0))
    )
  )

  (module Capacitor_SMD:C_0805_2012Metric_Pad1.15x1.40mm_HandSolder (layer F.Cu) (tedit 5B36C52B) (tstamp 5CBE5D63)
    (at 149.089 87.884)
    (descr "Capacitor SMD 0805 (2012 Metric), square (rectangular) end terminal, IPC_7351 nominal with elongated pad for handsoldering. (Body size source: https://docs.google.com/spreadsheets/d/1BsfQQcO9C6DZCsRaXUlFlo91Tg2WpOkGARC1WS5S8t0/edit?usp=sharing), generated with kicad-footprint-generator")
    (tags "capacitor handsolder")
    (path /5C7C3892)
    (attr smd)
    (fp_text reference C3 (at 0 -1.65) (layer F.SilkS)
      (effects (font (size 1 1) (thickness 0.15)))
    )
    (fp_text value 100n (at 0 1.65) (layer F.Fab)
      (effects (font (size 1 1) (thickness 0.15)))
    )
    (fp_text user %R (at 0 0) (layer F.Fab)
      (effects (font (size 0.5 0.5) (thickness 0.08)))
    )
    (fp_line (start 1.85 0.95) (end -1.85 0.95) (layer F.CrtYd) (width 0.05))
    (fp_line (start 1.85 -0.95) (end 1.85 0.95) (layer F.CrtYd) (width 0.05))
    (fp_line (start -1.85 -0.95) (end 1.85 -0.95) (layer F.CrtYd) (width 0.05))
    (fp_line (start -1.85 0.95) (end -1.85 -0.95) (layer F.CrtYd) (width 0.05))
    (fp_line (start -0.261252 0.71) (end 0.261252 0.71) (layer F.SilkS) (width 0.12))
    (fp_line (start -0.261252 -0.71) (end 0.261252 -0.71) (layer F.SilkS) (width 0.12))
    (fp_line (start 1 0.6) (end -1 0.6) (layer F.Fab) (width 0.1))
    (fp_line (start 1 -0.6) (end 1 0.6) (layer F.Fab) (width 0.1))
    (fp_line (start -1 -0.6) (end 1 -0.6) (layer F.Fab) (width 0.1))
    (fp_line (start -1 0.6) (end -1 -0.6) (layer F.Fab) (width 0.1))
    (pad 2 smd roundrect (at 1.025 0) (size 1.15 1.4) (layers F.Cu F.Paste F.Mask) (roundrect_rratio 0.217391)
      (net 1 GND))
    (pad 1 smd roundrect (at -1.025 0) (size 1.15 1.4) (layers F.Cu F.Paste F.Mask) (roundrect_rratio 0.217391)
      (net 3 "Net-(C1-Pad1)"))
    (model ${KISYS3DMOD}/Capacitor_SMD.3dshapes/C_0805_2012Metric.wrl
      (at (xyz 0 0 0))
      (scale (xyz 1 1 1))
      (rotate (xyz 0 0 0))
    )
  )

  (module Capacitor_SMD:C_0805_2012Metric_Pad1.15x1.40mm_HandSolder (layer F.Cu) (tedit 5B36C52B) (tstamp 5CBE5D74)
    (at 149.107 90.424)
    (descr "Capacitor SMD 0805 (2012 Metric), square (rectangular) end terminal, IPC_7351 nominal with elongated pad for handsoldering. (Body size source: https://docs.google.com/spreadsheets/d/1BsfQQcO9C6DZCsRaXUlFlo91Tg2WpOkGARC1WS5S8t0/edit?usp=sharing), generated with kicad-footprint-generator")
    (tags "capacitor handsolder")
    (path /5C7CCB62)
    (attr smd)
    (fp_text reference C4 (at 0 -1.65) (layer F.SilkS)
      (effects (font (size 1 1) (thickness 0.15)))
    )
    (fp_text value 100n (at 0 1.65) (layer F.Fab)
      (effects (font (size 1 1) (thickness 0.15)))
    )
    (fp_line (start -1 0.6) (end -1 -0.6) (layer F.Fab) (width 0.1))
    (fp_line (start -1 -0.6) (end 1 -0.6) (layer F.Fab) (width 0.1))
    (fp_line (start 1 -0.6) (end 1 0.6) (layer F.Fab) (width 0.1))
    (fp_line (start 1 0.6) (end -1 0.6) (layer F.Fab) (width 0.1))
    (fp_line (start -0.261252 -0.71) (end 0.261252 -0.71) (layer F.SilkS) (width 0.12))
    (fp_line (start -0.261252 0.71) (end 0.261252 0.71) (layer F.SilkS) (width 0.12))
    (fp_line (start -1.85 0.95) (end -1.85 -0.95) (layer F.CrtYd) (width 0.05))
    (fp_line (start -1.85 -0.95) (end 1.85 -0.95) (layer F.CrtYd) (width 0.05))
    (fp_line (start 1.85 -0.95) (end 1.85 0.95) (layer F.CrtYd) (width 0.05))
    (fp_line (start 1.85 0.95) (end -1.85 0.95) (layer F.CrtYd) (width 0.05))
    (fp_text user %R (at 0 0) (layer F.Fab)
      (effects (font (size 0.5 0.5) (thickness 0.08)))
    )
    (pad 1 smd roundrect (at -1.025 0) (size 1.15 1.4) (layers F.Cu F.Paste F.Mask) (roundrect_rratio 0.217391)
      (net 2 Vdd))
    (pad 2 smd roundrect (at 1.025 0) (size 1.15 1.4) (layers F.Cu F.Paste F.Mask) (roundrect_rratio 0.217391)
      (net 1 GND))
    (model ${KISYS3DMOD}/Capacitor_SMD.3dshapes/C_0805_2012Metric.wrl
      (at (xyz 0 0 0))
      (scale (xyz 1 1 1))
      (rotate (xyz 0 0 0))
    )
  )

  (module Capacitor_SMD:C_0805_2012Metric_Pad1.15x1.40mm_HandSolder (layer F.Cu) (tedit 5B36C52B) (tstamp 5CBE5D85)
    (at 157.988 86.097 90)
    (descr "Capacitor SMD 0805 (2012 Metric), square (rectangular) end terminal, IPC_7351 nominal with elongated pad for handsoldering. (Body size source: https://docs.google.com/spreadsheets/d/1BsfQQcO9C6DZCsRaXUlFlo91Tg2WpOkGARC1WS5S8t0/edit?usp=sharing), generated with kicad-footprint-generator")
    (tags "capacitor handsolder")
    (path /5C7C50EF)
    (attr smd)
    (fp_text reference C5 (at 0 -1.65 90) (layer F.SilkS)
      (effects (font (size 1 1) (thickness 0.15)))
    )
    (fp_text value 10n (at 0 1.65 90) (layer F.Fab)
      (effects (font (size 1 1) (thickness 0.15)))
    )
    (fp_line (start -1 0.6) (end -1 -0.6) (layer F.Fab) (width 0.1))
    (fp_line (start -1 -0.6) (end 1 -0.6) (layer F.Fab) (width 0.1))
    (fp_line (start 1 -0.6) (end 1 0.6) (layer F.Fab) (width 0.1))
    (fp_line (start 1 0.6) (end -1 0.6) (layer F.Fab) (width 0.1))
    (fp_line (start -0.261252 -0.71) (end 0.261252 -0.71) (layer F.SilkS) (width 0.12))
    (fp_line (start -0.261252 0.71) (end 0.261252 0.71) (layer F.SilkS) (width 0.12))
    (fp_line (start -1.85 0.95) (end -1.85 -0.95) (layer F.CrtYd) (width 0.05))
    (fp_line (start -1.85 -0.95) (end 1.85 -0.95) (layer F.CrtYd) (width 0.05))
    (fp_line (start 1.85 -0.95) (end 1.85 0.95) (layer F.CrtYd) (width 0.05))
    (fp_line (start 1.85 0.95) (end -1.85 0.95) (layer F.CrtYd) (width 0.05))
    (fp_text user %R (at 0 0 90) (layer F.Fab)
      (effects (font (size 0.5 0.5) (thickness 0.08)))
    )
    (pad 1 smd roundrect (at -1.025 0 90) (size 1.15 1.4) (layers F.Cu F.Paste F.Mask) (roundrect_rratio 0.217391)
      (net 4 "Net-(C5-Pad1)"))
    (pad 2 smd roundrect (at 1.025 0 90) (size 1.15 1.4) (layers F.Cu F.Paste F.Mask) (roundrect_rratio 0.217391)
      (net 1 GND))
    (model ${KISYS3DMOD}/Capacitor_SMD.3dshapes/C_0805_2012Metric.wrl
      (at (xyz 0 0 0))
      (scale (xyz 1 1 1))
      (rotate (xyz 0 0 0))
    )
  )

  (module LED_SMD:LED_0805_2012Metric_Pad1.15x1.40mm_HandSolder (layer F.Cu) (tedit 5B4B45C9) (tstamp 5CBE5D98)
    (at 146.05 80.255 270)
    (descr "LED SMD 0805 (2012 Metric), square (rectangular) end terminal, IPC_7351 nominal, (Body size source: https://docs.google.com/spreadsheets/d/1BsfQQcO9C6DZCsRaXUlFlo91Tg2WpOkGARC1WS5S8t0/edit?usp=sharing), generated with kicad-footprint-generator")
    (tags "LED handsolder")
    (path /5C7C3189)
    (attr smd)
    (fp_text reference D1 (at 0 -1.65 270) (layer F.SilkS)
      (effects (font (size 1 1) (thickness 0.15)))
    )
    (fp_text value LED (at 0 1.65 270) (layer F.Fab)
      (effects (font (size 1 1) (thickness 0.15)))
    )
    (fp_line (start 1 -0.6) (end -0.7 -0.6) (layer F.Fab) (width 0.1))
    (fp_line (start -0.7 -0.6) (end -1 -0.3) (layer F.Fab) (width 0.1))
    (fp_line (start -1 -0.3) (end -1 0.6) (layer F.Fab) (width 0.1))
    (fp_line (start -1 0.6) (end 1 0.6) (layer F.Fab) (width 0.1))
    (fp_line (start 1 0.6) (end 1 -0.6) (layer F.Fab) (width 0.1))
    (fp_line (start 1 -0.96) (end -1.86 -0.96) (layer F.SilkS) (width 0.12))
    (fp_line (start -1.86 -0.96) (end -1.86 0.96) (layer F.SilkS) (width 0.12))
    (fp_line (start -1.86 0.96) (end 1 0.96) (layer F.SilkS) (width 0.12))
    (fp_line (start -1.85 0.95) (end -1.85 -0.95) (layer F.CrtYd) (width 0.05))
    (fp_line (start -1.85 -0.95) (end 1.85 -0.95) (layer F.CrtYd) (width 0.05))
    (fp_line (start 1.85 -0.95) (end 1.85 0.95) (layer F.CrtYd) (width 0.05))
    (fp_line (start 1.85 0.95) (end -1.85 0.95) (layer F.CrtYd) (width 0.05))
    (fp_text user %R (at 0 0 270) (layer F.Fab)
      (effects (font (size 0.5 0.5) (thickness 0.08)))
    )
    (pad 1 smd roundrect (at -1.025 0 270) (size 1.15 1.4) (layers F.Cu F.Paste F.Mask) (roundrect_rratio 0.217391)
      (net 1 GND))
    (pad 2 smd roundrect (at 1.025 0 270) (size 1.15 1.4) (layers F.Cu F.Paste F.Mask) (roundrect_rratio 0.217391)
      (net 5 "Net-(D1-Pad2)"))
    (model ${KISYS3DMOD}/LED_SMD.3dshapes/LED_0805_2012Metric.wrl
      (at (xyz 0 0 0))
      (scale (xyz 1 1 1))
      (rotate (xyz 0 0 0))
    )
  )

  (module SPBTLE-1S:JTAG-SWD-4PINS (layer F.Cu) (tedit 5C7D8259) (tstamp 5CBE5DA0)
    (at 140.208 91.567 270)
    (path /5C7C2CC4)
    (fp_text reference J1 (at 0 5.842 270) (layer F.SilkS)
      (effects (font (size 1 1) (thickness 0.15)))
    )
    (fp_text value Conn_01x04_Female (at 0 -7.112 270) (layer F.Fab)
      (effects (font (size 1 1) (thickness 0.15)))
    )
    (pad 1 thru_hole circle (at -1.905 0 270) (size 1 1) (drill 0.5) (layers *.Cu *.Mask)
      (net 6 JTCK-SWCTK))
    (pad 2 thru_hole circle (at -0.635 0 270) (size 1 1) (drill 0.5) (layers *.Cu *.Mask)
      (net 7 JTMS-SWTDIO))
    (pad 3 thru_hole circle (at 0.635 0 270) (size 1 1) (drill 0.5) (layers *.Cu *.Mask)
      (net 1 GND))
    (pad 4 thru_hole rect (at 1.905 0 270) (size 1 1) (drill 0.5) (layers *.Cu *.Mask)
      (net 2 Vdd))
  )

  (module Resistor_SMD:R_0805_2012Metric_Pad1.15x1.40mm_HandSolder (layer F.Cu) (tedit 5B36C52B) (tstamp 5CBE5DB1)
    (at 143.256 80.255 270)
    (descr "Resistor SMD 0805 (2012 Metric), square (rectangular) end terminal, IPC_7351 nominal with elongated pad for handsoldering. (Body size source: https://docs.google.com/spreadsheets/d/1BsfQQcO9C6DZCsRaXUlFlo91Tg2WpOkGARC1WS5S8t0/edit?usp=sharing), generated with kicad-footprint-generator")
    (tags "resistor handsolder")
    (path /5C7C3275)
    (attr smd)
    (fp_text reference R1 (at 0 -1.65 270) (layer F.SilkS)
      (effects (font (size 1 1) (thickness 0.15)))
    )
    (fp_text value 680 (at 0 1.65 270) (layer F.Fab)
      (effects (font (size 1 1) (thickness 0.15)))
    )
    (fp_line (start -1 0.6) (end -1 -0.6) (layer F.Fab) (width 0.1))
    (fp_line (start -1 -0.6) (end 1 -0.6) (layer F.Fab) (width 0.1))
    (fp_line (start 1 -0.6) (end 1 0.6) (layer F.Fab) (width 0.1))
    (fp_line (start 1 0.6) (end -1 0.6) (layer F.Fab) (width 0.1))
    (fp_line (start -0.261252 -0.71) (end 0.261252 -0.71) (layer F.SilkS) (width 0.12))
    (fp_line (start -0.261252 0.71) (end 0.261252 0.71) (layer F.SilkS) (width 0.12))
    (fp_line (start -1.85 0.95) (end -1.85 -0.95) (layer F.CrtYd) (width 0.05))
    (fp_line (start -1.85 -0.95) (end 1.85 -0.95) (layer F.CrtYd) (width 0.05))
    (fp_line (start 1.85 -0.95) (end 1.85 0.95) (layer F.CrtYd) (width 0.05))
    (fp_line (start 1.85 0.95) (end -1.85 0.95) (layer F.CrtYd) (width 0.05))
    (fp_text user %R (at 0.762 0.254 270) (layer F.Fab)
      (effects (font (size 0.5 0.5) (thickness 0.08)))
    )
    (pad 1 smd roundrect (at -1.025 0 270) (size 1.15 1.4) (layers F.Cu F.Paste F.Mask) (roundrect_rratio 0.217391)
      (net 8 "Net-(R1-Pad1)"))
    (pad 2 smd roundrect (at 1.025 0 270) (size 1.15 1.4) (layers F.Cu F.Paste F.Mask) (roundrect_rratio 0.217391)
      (net 5 "Net-(D1-Pad2)"))
    (model ${KISYS3DMOD}/Resistor_SMD.3dshapes/R_0805_2012Metric.wrl
      (at (xyz 0 0 0))
      (scale (xyz 1 1 1))
      (rotate (xyz 0 0 0))
    )
  )

  (module Resistor_SMD:R_0805_2012Metric_Pad1.15x1.40mm_HandSolder (layer F.Cu) (tedit 5B36C52B) (tstamp 5CBE5DC2)
    (at 153.661 87.884)
    (descr "Resistor SMD 0805 (2012 Metric), square (rectangular) end terminal, IPC_7351 nominal with elongated pad for handsoldering. (Body size source: https://docs.google.com/spreadsheets/d/1BsfQQcO9C6DZCsRaXUlFlo91Tg2WpOkGARC1WS5S8t0/edit?usp=sharing), generated with kicad-footprint-generator")
    (tags "resistor handsolder")
    (path /5C7C52BC)
    (attr smd)
    (fp_text reference R2 (at 0 -1.65) (layer F.SilkS)
      (effects (font (size 1 1) (thickness 0.15)))
    )
    (fp_text value 47k (at 0 1.65) (layer F.Fab)
      (effects (font (size 1 1) (thickness 0.15)))
    )
    (fp_text user %R (at 0 0) (layer F.Fab)
      (effects (font (size 0.5 0.5) (thickness 0.08)))
    )
    (fp_line (start 1.85 0.95) (end -1.85 0.95) (layer F.CrtYd) (width 0.05))
    (fp_line (start 1.85 -0.95) (end 1.85 0.95) (layer F.CrtYd) (width 0.05))
    (fp_line (start -1.85 -0.95) (end 1.85 -0.95) (layer F.CrtYd) (width 0.05))
    (fp_line (start -1.85 0.95) (end -1.85 -0.95) (layer F.CrtYd) (width 0.05))
    (fp_line (start -0.261252 0.71) (end 0.261252 0.71) (layer F.SilkS) (width 0.12))
    (fp_line (start -0.261252 -0.71) (end 0.261252 -0.71) (layer F.SilkS) (width 0.12))
    (fp_line (start 1 0.6) (end -1 0.6) (layer F.Fab) (width 0.1))
    (fp_line (start 1 -0.6) (end 1 0.6) (layer F.Fab) (width 0.1))
    (fp_line (start -1 -0.6) (end 1 -0.6) (layer F.Fab) (width 0.1))
    (fp_line (start -1 0.6) (end -1 -0.6) (layer F.Fab) (width 0.1))
    (pad 2 smd roundrect (at 1.025 0) (size 1.15 1.4) (layers F.Cu F.Paste F.Mask) (roundrect_rratio 0.217391)
      (net 4 "Net-(C5-Pad1)"))
    (pad 1 smd roundrect (at -1.025 0) (size 1.15 1.4) (layers F.Cu F.Paste F.Mask) (roundrect_rratio 0.217391)
      (net 2 Vdd))
    (model ${KISYS3DMOD}/Resistor_SMD.3dshapes/R_0805_2012Metric.wrl
      (at (xyz 0 0 0))
      (scale (xyz 1 1 1))
      (rotate (xyz 0 0 0))
    )
  )

  (module SPBTLE-1S:SPBTLE-1S (layer F.Cu) (tedit 5C7D5CEF) (tstamp 5CBE5E04)
    (at 143.51 75.184)
    (path /5C7C2BC4)
    (fp_text reference U2 (at 7.366 2.032) (layer F.SilkS)
      (effects (font (size 1 1) (thickness 0.15)))
    )
    (fp_text value SPBTLE-1S (at 7.112 -13.97) (layer F.Fab)
      (effects (font (size 1 1) (thickness 0.15)))
    )
    (fp_line (start 13.5 -11.5) (end 0 -11.5) (layer F.Fab) (width 0.15))
    (fp_line (start 0 -11.5) (end 0 0) (layer F.Fab) (width 0.15))
    (fp_line (start 0 0) (end 13.5 0) (layer F.Fab) (width 0.15))
    (fp_line (start 13.5 0) (end 13.5 -11.5) (layer F.Fab) (width 0.15))
    (fp_line (start 14.5 -10.5) (end 14.5 -12.5) (layer F.SilkS) (width 0.25))
    (fp_line (start 14.5 -12.5) (end 12.5 -12.5) (layer F.SilkS) (width 0.25))
    (fp_line (start -1 -12.5) (end -1 -10.5) (layer F.SilkS) (width 0.25))
    (fp_line (start -1 -12.5) (end 1 -12.5) (layer F.SilkS) (width 0.25))
    (fp_line (start -1 -1) (end -1 1) (layer F.SilkS) (width 0.25))
    (fp_line (start -1 1) (end 1 1) (layer F.SilkS) (width 0.25))
    (fp_line (start 14.5 -1) (end 14.5 1) (layer F.SilkS) (width 0.25))
    (fp_line (start 12.5 1) (end 14.5 1) (layer F.SilkS) (width 0.25))
    (pad 5 smd rect (at 0 -1) (size 1.2 1) (layers F.Cu F.Paste F.Mask)
      (net 3 "Net-(C1-Pad1)"))
    (pad 4 smd rect (at 0 -2.27) (size 1.2 1) (layers F.Cu F.Paste F.Mask)
      (net 16 "Net-(U2-Pad4)"))
    (pad 3 smd rect (at 0 -3.54) (size 1.2 1) (layers F.Cu F.Paste F.Mask)
      (net 17 "Net-(U2-Pad3)"))
    (pad 2 smd rect (at 0 -4.81) (size 1.2 1) (layers F.Cu F.Paste F.Mask)
      (net 18 "Net-(U2-Pad2)"))
    (pad 1 smd rect (at 0 -6.08) (size 1.2 1) (layers F.Cu F.Paste F.Mask)
      (net 19 "Net-(U2-Pad1)"))
    (pad 6 smd rect (at 1.46 0) (size 1 1.2) (layers F.Cu F.Paste F.Mask)
      (net 20 "Net-(U2-Pad6)"))
    (pad 7 smd rect (at 2.73 0) (size 1 1.2) (layers F.Cu F.Paste F.Mask)
      (net 8 "Net-(R1-Pad1)"))
    (pad 8 smd rect (at 4 0) (size 1 1.2) (layers F.Cu F.Paste F.Mask)
      (net 1 GND))
    (pad 9 smd rect (at 5.27 0) (size 1 1.2) (layers F.Cu F.Paste F.Mask)
      (net 21 "Net-(U2-Pad9)"))
    (pad 10 smd rect (at 6.54 0) (size 1 1.2) (layers F.Cu F.Paste F.Mask)
      (net 22 "Net-(U2-Pad10)"))
    (pad 11 smd rect (at 7.81 0) (size 1 1.2) (layers F.Cu F.Paste F.Mask)
      (net 23 "Net-(U2-Pad11)"))
    (pad 12 smd rect (at 9.08 0) (size 1 1.2) (layers F.Cu F.Paste F.Mask)
      (net 6 JTCK-SWCTK))
    (pad 13 smd rect (at 10.35 0) (size 1 1.2) (layers F.Cu F.Paste F.Mask)
      (net 7 JTMS-SWTDIO))
    (pad 14 smd rect (at 11.62 0) (size 1 1.2) (layers F.Cu F.Paste F.Mask)
      (net 24 "Net-(U2-Pad14)"))
    (pad 15 smd rect (at 13.5 -1) (size 1.2 1) (layers F.Cu F.Paste F.Mask)
      (net 9 SPI_CLK))
    (pad 16 smd rect (at 13.5 -2.27) (size 1.2 1) (layers F.Cu F.Paste F.Mask)
      (net 11 SPI_OUT))
    (pad 17 smd rect (at 13.5 -3.54) (size 1.2 1) (layers F.Cu F.Paste F.Mask)
      (net 12 SPI_IN))
    (pad 18 smd rect (at 13.5 -4.81) (size 1.2 1) (layers F.Cu F.Paste F.Mask)
      (net 10 SPI_CS))
    (pad 19 smd rect (at 13.5 -6.08) (size 1.2 1) (layers F.Cu F.Paste F.Mask)
      (net 4 "Net-(C5-Pad1)"))
    (pad 20 smd rect (at 13.5 -7.35) (size 1.2 1) (layers F.Cu F.Paste F.Mask)
      (net 13 DIO12-INT))
    (pad 21 smd rect (at 11.62 -11.5) (size 1 1.2) (layers F.Cu F.Paste F.Mask)
      (net 25 "Net-(U2-Pad21)"))
    (pad 22 smd rect (at 10.35 -11.5) (size 1 1.2) (layers F.Cu F.Paste F.Mask)
      (net 26 "Net-(U2-Pad22)"))
    (pad 23 smd rect (at 9.08 -11.5) (size 1 1.2) (layers F.Cu F.Paste F.Mask)
      (net 27 "Net-(U2-Pad23)"))
  )

  (module SPBTLE-1S:LSM6DS3 (layer F.Cu) (tedit 5C7DA51E) (tstamp 5C7DABF6)
    (at 156.972 79.756 270)
    (path /5C7C28DD)
    (fp_text reference U1 (at 0.254 -2.794 270) (layer F.SilkS)
      (effects (font (size 1 1) (thickness 0.15)))
    )
    (fp_text value LSM6DS3 (at 0 3.048 270) (layer F.Fab)
      (effects (font (size 1 1) (thickness 0.15)))
    )
    (fp_line (start -1.5 -1.25) (end 1.5 -1.25) (layer F.Fab) (width 0.15))
    (fp_line (start 1.5 -1.25) (end 1.5 1.25) (layer F.Fab) (width 0.15))
    (fp_line (start 1.5 1.25) (end -1.5 1.25) (layer F.Fab) (width 0.15))
    (fp_line (start -1.5 1.25) (end -1.5 -1.25) (layer F.Fab) (width 0.15))
    (fp_circle (center -2.286 -0.762) (end -2.186 -0.762) (layer F.SilkS) (width 0.25))
    (fp_line (start 1.778 -1.524) (end -1.778 -1.524) (layer F.SilkS) (width 0.15))
    (fp_line (start -1.778 -1.524) (end -1.778 1.524) (layer F.SilkS) (width 0.15))
    (fp_line (start -1.778 1.524) (end 1.778 1.524) (layer F.SilkS) (width 0.15))
    (fp_line (start 1.778 1.524) (end 1.778 -1.524) (layer F.SilkS) (width 0.15))
    (pad 6 smd rect (at 0 0.875 270) (size 0.2 0.45) (layers F.Cu F.Paste F.Mask)
      (net 1 GND))
    (pad 13 smd rect (at 0 -0.875 270) (size 0.2 0.45) (layers F.Cu F.Paste F.Mask)
      (net 9 SPI_CLK))
    (pad 12 smd rect (at 0.5 -0.875 270) (size 0.2 0.45) (layers F.Cu F.Paste F.Mask)
      (net 10 SPI_CS))
    (pad 14 smd rect (at -0.5 -0.875 270) (size 0.2 0.45) (layers F.Cu F.Paste F.Mask)
      (net 11 SPI_OUT))
    (pad 5 smd rect (at -0.5 0.875 270) (size 0.2 0.45) (layers F.Cu F.Paste F.Mask)
      (net 2 Vdd))
    (pad 7 smd rect (at 0.5 0.875 270) (size 0.2 0.45) (layers F.Cu F.Paste F.Mask)
      (net 1 GND))
    (pad 2 smd rect (at -1.125 -0.25 270) (size 0.45 0.2) (layers F.Cu F.Paste F.Mask)
      (net 1 GND))
    (pad 1 smd rect (at -1.125 -0.75 270) (size 0.45 0.2) (layers F.Cu F.Paste F.Mask)
      (net 12 SPI_IN))
    (pad 3 smd rect (at -1.125 0.25 270) (size 0.45 0.2) (layers F.Cu F.Paste F.Mask)
      (net 1 GND))
    (pad 4 smd rect (at -1.125 0.75 270) (size 0.45 0.2) (layers F.Cu F.Paste F.Mask)
      (net 13 DIO12-INT))
    (pad 10 smd rect (at 1.125 -0.25 270) (size 0.45 0.2) (layers F.Cu F.Paste F.Mask)
      (net 14 "Net-(U1-Pad10)"))
    (pad 11 smd rect (at 1.125 -0.75 270) (size 0.45 0.2) (layers F.Cu F.Paste F.Mask))
    (pad 9 smd rect (at 1.125 0.25 270) (size 0.45 0.2) (layers F.Cu F.Paste F.Mask)
      (net 15 "Net-(U1-Pad9)"))
    (pad 8 smd rect (at 1.125 0.75 270) (size 0.45 0.2) (layers F.Cu F.Paste F.Mask)
      (net 2 Vdd))
  )

  (gr_circle (center 159.258 94.234) (end 160.258 94.234) (layer Edge.Cuts) (width 0.0254))
  (gr_circle (center 140.462 71.12) (end 141.462 71.12) (layer Edge.Cuts) (width 0.0254))
  (gr_line (start 155.5 66.5) (end 155.5 68) (layer Edge.Cuts) (width 0.0254))
  (gr_line (start 138 68) (end 155.5 68) (layer Edge.Cuts) (width 0.0254))
  (gr_line (start 155.5 66.5) (end 163 66.5) (layer Edge.Cuts) (width 0.0254))
  (gr_line (start 138 97) (end 138 68) (layer Edge.Cuts) (width 0.0254))
  (gr_line (start 163 97) (end 138 97) (layer Edge.Cuts) (width 0.0254))
  (gr_line (start 163 66.5) (end 163 97) (layer Edge.Cuts) (width 0.0254))

  (via (at 156.718 83.058) (size 0.762) (drill 0.381) (layers F.Cu B.Cu) (net 1))
  (via (at 154.432 81.534) (size 0.762) (drill 0.381) (layers F.Cu B.Cu) (net 1))
  (segment (start 156.718 83.058) (end 155.956 83.058) (width 0.254) (layer B.Cu) (net 1))
  (segment (start 155.956 83.058) (end 154.432 81.534) (width 0.254) (layer B.Cu) (net 1))
  (via (at 145.542 83.312) (size 0.762) (drill 0.381) (layers F.Cu B.Cu) (net 1))
  (via (at 145.542 83.312) (size 0.762) (drill 0.381) (layers F.Cu B.Cu) (net 1) (tstamp 5C7DAEE5))
  (via (at 145.542 83.312) (size 0.762) (drill 0.381) (layers F.Cu B.Cu) (net 1))
  (via (at 143.51 85.09) (size 0.762) (drill 0.381) (layers F.Cu B.Cu) (net 1))
  (segment (start 145.542 83.312) (end 143.764 85.09) (width 0.254) (layer B.Cu) (net 1))
  (segment (start 143.764 85.09) (end 143.51 85.09) (width 0.254) (layer B.Cu) (net 1))
  (segment (start 157.222 78.631) (end 156.722 78.631) (width 0.254) (layer F.Cu) (net 1))
  (segment (start 156.576 79.756) (end 156.097 79.756) (width 0.254) (layer F.Cu) (net 1))
  (segment (start 156.722 79.61) (end 156.576 79.756) (width 0.254) (layer F.Cu) (net 1))
  (segment (start 156.722 78.631) (end 156.722 79.61) (width 0.254) (layer F.Cu) (net 1))
  (segment (start 156.097 79.756) (end 156.097 80.256) (width 0.254) (layer F.Cu) (net 1))
  (via (at 156.972 79.756) (size 0.762) (drill 0.381) (layers F.Cu B.Cu) (net 1))
  (segment (start 156.097 80.256) (end 156.472 80.256) (width 0.254) (layer F.Cu) (net 1))
  (segment (start 156.472 80.256) (end 156.972 79.756) (width 0.254) (layer F.Cu) (net 1))
  (via (at 158.75 81.788) (size 0.762) (drill 0.381) (layers F.Cu B.Cu) (net 1))
  (segment (start 156.972 79.756) (end 158.75 81.534) (width 0.254) (layer B.Cu) (net 1))
  (segment (start 158.75 81.534) (end 158.75 81.788) (width 0.254) (layer B.Cu) (net 1))
  (segment (start 152.654 87.866) (end 152.636 87.884) (width 0.254) (layer F.Cu) (net 2))
  (segment (start 152.654 85.09) (end 152.654 87.866) (width 0.254) (layer F.Cu) (net 2))
  (segment (start 148.705372 91.047372) (end 148.082 90.424) (width 0.254) (layer F.Cu) (net 2))
  (segment (start 149.16301 91.50501) (end 148.705372 91.047372) (width 0.254) (layer F.Cu) (net 2))
  (segment (start 150.718376 91.50501) (end 149.16301 91.50501) (width 0.254) (layer F.Cu) (net 2))
  (segment (start 152.012628 90.210758) (end 150.718376 91.50501) (width 0.254) (layer F.Cu) (net 2))
  (segment (start 152.012628 88.507372) (end 152.012628 90.210758) (width 0.254) (layer F.Cu) (net 2))
  (segment (start 152.636 87.884) (end 152.012628 88.507372) (width 0.254) (layer F.Cu) (net 2))
  (segment (start 143.256 90.424) (end 140.208 93.472) (width 0.254) (layer F.Cu) (net 2))
  (segment (start 148.082 90.424) (end 143.256 90.424) (width 0.254) (layer F.Cu) (net 2))
  (segment (start 153.277372 84.466628) (end 153.652372 84.466628) (width 0.254) (layer F.Cu) (net 2))
  (segment (start 152.654 85.09) (end 153.277372 84.466628) (width 0.254) (layer F.Cu) (net 2))
  (via (at 153.924 77.978) (size 0.762) (drill 0.381) (layers F.Cu B.Cu) (net 2))
  (segment (start 150.114 74.168) (end 150.114 70.424) (width 0.254) (layer B.Cu) (net 2))
  (segment (start 153.924 77.978) (end 150.114 74.168) (width 0.254) (layer B.Cu) (net 2))
  (segment (start 156.222 81.897) (end 156.222 80.881) (width 0.254) (layer F.Cu) (net 2))
  (segment (start 153.652372 84.466628) (end 156.222 81.897) (width 0.254) (layer F.Cu) (net 2))
  (segment (start 155.868 80.881) (end 156.222 80.881) (width 0.254) (layer F.Cu) (net 2))
  (segment (start 155.594999 80.607999) (end 155.868 80.881) (width 0.254) (layer F.Cu) (net 2))
  (segment (start 155.594999 79.279001) (end 155.594999 80.607999) (width 0.254) (layer F.Cu) (net 2))
  (segment (start 155.618 79.256) (end 155.594999 79.279001) (width 0.254) (layer F.Cu) (net 2))
  (segment (start 156.097 79.256) (end 155.618 79.256) (width 0.254) (layer F.Cu) (net 2))
  (segment (start 155.202 79.256) (end 153.924 77.978) (width 0.254) (layer F.Cu) (net 2))
  (segment (start 155.618 79.256) (end 155.202 79.256) (width 0.254) (layer F.Cu) (net 2))
  (via (at 152.908 91.948) (size 0.762) (drill 0.381) (layers F.Cu B.Cu) (net 2))
  (segment (start 150.718376 91.50501) (end 152.46501 91.50501) (width 0.254) (layer F.Cu) (net 2))
  (segment (start 152.46501 91.50501) (end 152.908 91.948) (width 0.254) (layer F.Cu) (net 2))
  (segment (start 150.622 94.234) (end 150.114 94.234) (width 0.254) (layer B.Cu) (net 2))
  (segment (start 152.908 91.948) (end 150.622 94.234) (width 0.254) (layer B.Cu) (net 2))
  (segment (start 148.064 85.09) (end 148.064 87.884) (width 0.254) (layer F.Cu) (net 3))
  (segment (start 143.51 74.938) (end 143.51 74.184) (width 0.254) (layer F.Cu) (net 3))
  (segment (start 142.30199 76.14601) (end 143.51 74.938) (width 0.254) (layer F.Cu) (net 3))
  (segment (start 142.30199 81.81377) (end 142.30199 76.14601) (width 0.254) (layer F.Cu) (net 3))
  (segment (start 145.57822 85.09) (end 142.30199 81.81377) (width 0.254) (layer F.Cu) (net 3))
  (segment (start 148.064 85.09) (end 145.57822 85.09) (width 0.254) (layer F.Cu) (net 3))
  (segment (start 155.448 87.122) (end 154.686 87.884) (width 0.254) (layer F.Cu) (net 4))
  (segment (start 157.988 87.122) (end 155.448 87.122) (width 0.254) (layer F.Cu) (net 4))
  (via (at 161.29 87.122) (size 0.762) (drill 0.381) (layers F.Cu B.Cu) (net 4))
  (segment (start 157.988 87.122) (end 161.29 87.122) (width 0.254) (layer F.Cu) (net 4))
  (via (at 161.29 69.088) (size 0.762) (drill 0.381) (layers F.Cu B.Cu) (net 4))
  (segment (start 161.29 87.122) (end 161.29 69.088) (width 0.254) (layer B.Cu) (net 4))
  (segment (start 157.026 69.088) (end 157.01 69.104) (width 0.254) (layer F.Cu) (net 4))
  (segment (start 161.29 69.088) (end 157.026 69.088) (width 0.254) (layer F.Cu) (net 4))
  (segment (start 146.05 81.28) (end 143.256 81.28) (width 0.254) (layer F.Cu) (net 5))
  (via (at 140.208 74.168) (size 0.762) (drill 0.381) (layers F.Cu B.Cu) (net 6))
  (segment (start 140.208 89.662) (end 140.208 74.168) (width 0.254) (layer F.Cu) (net 6))
  (via (at 148.082 73.66) (size 0.762) (drill 0.381) (layers F.Cu B.Cu) (net 6))
  (segment (start 140.208 74.168) (end 147.574 74.168) (width 0.254) (layer B.Cu) (net 6))
  (segment (start 147.574 74.168) (end 148.082 73.66) (width 0.254) (layer B.Cu) (net 6))
  (segment (start 152.59 74.33) (end 152.59 75.184) (width 0.254) (layer F.Cu) (net 6))
  (segment (start 151.539001 73.279001) (end 152.59 74.33) (width 0.254) (layer F.Cu) (net 6))
  (segment (start 148.462999 73.279001) (end 151.539001 73.279001) (width 0.254) (layer F.Cu) (net 6))
  (segment (start 148.082 73.66) (end 148.462999 73.279001) (width 0.254) (layer F.Cu) (net 6))
  (segment (start 153.86 76.038) (end 153.86 75.184) (width 0.254) (layer F.Cu) (net 7))
  (segment (start 149.26199 80.63601) (end 153.86 76.038) (width 0.254) (layer F.Cu) (net 7))
  (segment (start 149.26199 88.206316) (end 149.26199 80.63601) (width 0.254) (layer F.Cu) (net 7))
  (segment (start 148.607296 88.86101) (end 149.26199 88.206316) (width 0.254) (layer F.Cu) (net 7))
  (segment (start 142.27899 88.86101) (end 148.607296 88.86101) (width 0.254) (layer F.Cu) (net 7))
  (segment (start 140.208 90.932) (end 142.27899 88.86101) (width 0.254) (layer F.Cu) (net 7))
  (segment (start 146.24 76.246) (end 146.24 75.184) (width 0.254) (layer F.Cu) (net 8))
  (segment (start 143.256 79.23) (end 146.24 76.246) (width 0.254) (layer F.Cu) (net 8))
  (via (at 160.02 76.454) (size 0.762) (drill 0.381) (layers F.Cu B.Cu) (net 9))
  (segment (start 160.02 78.062) (end 160.02 76.454) (width 0.254) (layer F.Cu) (net 9))
  (segment (start 157.847 79.756) (end 158.326 79.756) (width 0.254) (layer F.Cu) (net 9))
